0 4.86745463527251
0.125 4.84689880608555
0.25 4.8263429768986
0.375 4.80578714771165
0.5 4.78523131852469
0.625 4.76467548933774
0.75 4.74411966015079
0.875 4.72356383096383
1 4.70300800177688
1.125 4.68245217258993
1.25 4.66189634340297
1.375 4.64134051421602
1.5 4.62078468502907
1.625 4.60022885584211
1.75 4.57967302665516
1.875 4.55911719746821
2 4.53856136828125
2.125 4.5180055390943
2.25 4.49744970990735
2.375 4.47689388072039
2.5 4.45633805153344
2.625 4.43578222234649
2.75 4.41522639315953
2.875 4.39467056397258
3 4.37411473478563
3.125 4.35355890559867
3.25 4.33300307641172
3.375 4.31244724722477
3.5 4.29189141803781
3.625 4.27133558885086
3.75 4.25077975966391
3.875 4.23022393047695
4 4.20966810129
4.125 4.18911227210305
4.25 4.1685564429161
4.375 4.14800061372914
4.5 4.12744478454219
4.625 4.10688895535524
4.75 4.08633312616828
4.875 4.06577729698133
5 4.04522146779438
5.125 4.02466563860742
5.25 4.00410980942047
5.375 3.98355398023352
5.5 3.96299815104656
5.625 3.94244232185961
5.75 3.92188649267266
5.875 3.9013306634857
6 3.88077483429875
6.125 3.8602190051118
6.25 3.83966317592484
6.375 3.81910734673789
6.5 3.79855151755094
6.625 3.77799568836398
6.75 3.75743985917703
6.875 3.73688402999008
7 3.71632820080312
7.125 3.69577237161617
7.25 3.67521654242922
7.375 3.65466071324226
7.5 3.63410488405531
7.625 3.61354905486836
7.75 3.5929932256814
7.875 3.57243739649445
8 3.5518815673075
8.125 3.53132573812054
8.25 3.51076990893359
8.375 3.49021407974664
8.5 3.46965825055968
8.625 3.44910242137273
8.75 3.42854659218578
8.875 3.40799076299883
9 3.38743493381187
9.125 3.36687910462492
9.25 3.34632327543797
9.375 3.32576744625101
9.5 3.30521161706406
9.625 3.28465578787711
9.75 3.26409995869015
9.875 3.2435441295032
10 3.22298830031625
10.125 3.20243247112929
10.25 3.18187664194234
10.375 3.16132081275539
10.5 3.14076498356843
10.625 3.12020915438148
10.75 3.09965332519453
10.875 3.07909749600757
11 3.05854166682062
11.125 3.03798583763367
11.25 3.01743000844671
11.375 2.99687417925976
11.5 2.97631835007281
11.625 2.95576252088585
11.75 2.9352066916989
11.875 2.91465086251195
12 2.89409503332499
12.125 2.87353920413804
12.25 2.85298337495109
12.375 2.83242754576413
12.5 2.81187171657718
12.625 2.79131588739023
12.75 2.77076005820327
12.875 2.75020422901632
13 2.72964839982937
13.125 2.70909257064242
13.25 2.68853674145546
13.375 2.66798091226851
13.5 2.64742508308156
13.625 2.6268692538946
13.75 2.60631342470765
13.875 2.5857575955207
14 2.56520176633374
14.125 2.54464593714679
14.25 2.52409010795984
14.375 2.50353427877288
14.5 2.48297844958593
14.625 2.46242262039898
14.75 2.44186679121202
14.875 2.42131096202507
15 2.40075513283812
