-4 -0.998916588724263
-3.875 -0.999891163378635
-3.75 -1.00000615873111
-3.625 -1.00000004755253
-3.5 -0.999994195654403
-3.375 -1.00000474039625
-3.25 -0.9999953324959
-3.125 -0.999988929173843
-3 -1.00558976797901
-2.875 -1.00404064947191
-2.75 -0.999876967771357
-2.625 -0.999772538500662
-2.5 -0.999572768883691
-2.375 -0.999200007389081
-2.25 -0.998590830898226
-2.125 -0.997384200138324
-2 -0.995349502997208
-1.875 -0.99200961026537
-1.75 -0.986704871971583
-1.625 -0.97844940869043
-1.5 -0.971740145000712
-1.375 -0.948171921625316
-1.25 -0.922900440367081
-1.125 -0.888453832335261
-1 -0.842729958487199
-0.875 -0.78405828657033
-0.75 -0.711143395668304
-0.625 -0.623233983936084
-0.5 -0.520496962242239
-0.375 -0.404103149963997
-0.25 -0.27632436247415
-0.125 -0.140316137175334
0 0
0.125 0.140316137175334
0.25 0.27632436247415
0.375 0.404103149963997
0.5 0.520496962242239
0.625 0.623233983936084
0.75 0.711143395668304
0.875 0.78405828657033
1 0.842729958487199
1.125 0.888453832335261
1.25 0.922900440367081
1.375 0.948171921625316
1.5 0.971740145000712
1.625 0.97844940869043
1.75 0.986704871971583
1.875 0.99200961026537
2 0.995349502997208
2.125 0.997384200138324
2.25 0.998590830898226
2.375 0.999200007389081
2.5 0.999572768883691
2.625 0.999772538500662
2.75 0.999876967771357
2.875 1.00404064947191
3 1.00558976797901
3.125 0.999988929173843
3.25 0.9999953324959
3.375 1.00000474039625
3.5 0.999994195654403
3.625 1.00000004755253
3.75 1.00000615873111
3.875 0.999891163378635
4 0.998916588724263
