1 1
1.125 1
1.25 1
1.375 1
1.5 1
1.625 1
1.75 1
1.875 1
2 1
2.125 1
2.25 1
2.375 1
2.5 1
2.625 1
2.75 1
2.875 1
3 1
3.125 1.25
3.25 1.5
3.375 1.75
3.5 2
3.625 2.25
3.75 2.5
3.875 2.75
4 3
4.125 3.125
4.25 3.25
4.375 3.375
4.5 3.5
4.625 3.625
4.75 3.75
4.875 3.875
5 4
5.125 4
5.25 4
5.375 4
5.5 4
5.625 4
5.75 4
5.875 4
6 4
6.125 3.75
6.25 3.5
6.375 3.25
6.5 3
6.625 2.75
6.75 2.5
6.875 2.25
7 2
7.125 1.875
7.25 1.75
7.375 1.625
7.5 1.5
7.625 1.375
7.75 1.25
7.875 1.125
8 1
8.125 1.125
8.25 1.25
8.375 1.375
8.5 1.5
8.625 1.625
8.75 1.75
8.875 1.875
9 2
