1 -3.5
1.125 -2.625
1.25 -1.75
1.375 -0.875
1.5 0
1.625 0.875
1.75 1.75
1.875 2.625
2 3.5
2.125 2.875
2.25 2.25
2.375 1.625
2.5 1
2.625 0.375
2.75 -0.25
2.875 -0.875
3 -1.5
3.125 -0.875
3.25 -0.25
3.375 0.375
3.5 1
3.625 1.625
3.75 2.25
3.875 2.875
4 3.5
4.125 2.875
4.25 2.25
4.375 1.625
4.5 1
4.625 0.375
4.75 -0.25
4.875 -0.875
5 -1.5
5.125 -1.375
5.25 -1.25
5.375 -1.125
5.5 -1
5.625 -0.875
5.75 -0.75
5.875 -0.625
6 -0.5
6.125 0.125
6.25 0.75
6.375 1.375
6.5 2
6.625 2.625
6.75 3.25
6.875 3.875
7 4.5
7.125 3.625
7.25 2.75
7.375 1.875
7.5 1
7.625 0.125
7.75 -0.75
7.875 -1.625
8 -2.5
