1 1
1.125 0.6171875
1.25 0.34375
1.375 0.1796875
1.5 0.125
1.625 0.1796875
1.75 0.34375
1.875 0.6171875
2 1
2.125 1.3984375
2.25 1.71875
2.375 1.9609375
2.5 2.125
2.625 2.2109375
2.75 2.21875
2.875 2.1484375
3 2
3.125 1.8515625
3.25 1.78125
3.375 1.7890625
3.5 1.875
3.625 2.0390625
3.75 2.28125
3.875 2.6015625
4 3
4.125 3.3984375
4.25 3.71875
4.375 3.9609375
4.5 4.125
4.625 4.2109375
4.75 4.21875
4.875 4.1484375
5 4
5.125 3.8203125
5.25 3.65625
5.375 3.5078125
5.5 3.375
5.625 3.2578125
5.75 3.15625
5.875 3.0703125
6 3
6.125 2.9765625
6.25 3.03125
6.375 3.1640625
6.5 3.375
6.625 3.6640625
6.75 4.03125
6.875 4.4765625
7 5
7.125 5.5078125
7.25 5.90625
7.375 6.1953125
7.5 6.375
7.625 6.4453125
7.75 6.40625
7.875 6.2578125
8 6
