-4.9921875 0.00679079337237119
-4.9765625 0.00689773280747169
-4.9609375 0.00700635629363257
-4.9453125 0.00711669035079919
-4.9296875 0.00722876191654525
-4.9140625 0.00734259835264954
-4.8984375 0.00745822745177614
-4.8828125 0.00757567744425994
-4.8671875 0.00769497700499887
-4.8515625 0.00781615526045484
-4.8359375 0.00793924179576477
-4.8203125 0.00806426666196371
-4.8046875 0.00819126038332164
-4.7890625 0.00832025396479586
-4.7734375 0.00845127889960068
-4.7578125 0.00858436717689639
-4.7421875 0.00871955128959927
-4.7265625 0.00885686424231454
-4.7109375 0.00899633955939434
-4.6953125 0.00913801129312256
-4.6796875 0.0092819140320285
-4.6640625 0.00942808290933155
-4.6484375 0.00957655361151882
-4.6328125 0.00972736238705779
-4.6171875 0.00988054605524626
-4.6015625 0.0100361420152016
-4.5859375 0.0101941882549916
-4.5703125 0.010354723360909
-4.5546875 0.0105177865268924
-4.5390625 0.0106834175640948
-4.5234375 0.0108516569106041
-4.5078125 0.011022545641315
-4.4921875 0.0111961254779578
-4.4765625 0.0113724387992847
-4.4609375 0.0115515286514157
-4.4453125 0.011733438758349
-4.4296875 0.0119182135326352
-4.4140625 0.012105898086221
-4.3984375 0.0122965382414629
-4.3828125 0.0124901805423145
-4.3671875 0.01268687226569
-4.3515625 0.0128866614330066
-4.3359375 0.0130895968219089
-4.3203125 0.0132957279781775
-4.3046875 0.0135051052278257
-4.2890625 0.013717779689386
-4.2734375 0.0139338032863908
-4.2578125 0.0141532287600491
-4.2421875 0.014376109682123
-4.2265625 0.0146025004680074
-4.2109375 0.0148324563900145
-4.1953125 0.0150660335908691
-4.1796875 0.0153032890974154
-4.1640625 0.0155442808345393
-4.1484375 0.0157890676393112
-4.1328125 0.0160377092753505
-4.1171875 0.0162902664474168
-4.1015625 0.0165468008162301
-4.0859375 0.0168073750135261
-4.0703125 0.0170720526573462
-4.0546875 0.0173408983675707
-4.0390625 0.0176139777816945
-4.0234375 0.017891357570853
-4.0078125 0.018173105456099
-3.9921875 0.0184592902249367
-3.9765625 0.0187499817481161
-3.9609375 0.0190452509966911
-3.9453125 0.0193451700593473
-3.9296875 0.0196498121600017
-3.9140625 0.0199592516756806
-3.8984375 0.0202735641546775
-3.8828125 0.0205928263349988
-3.8671875 0.0209171161630986
-3.8515625 0.021246512812909
-3.8359375 0.0215810967051699
-3.8203125 0.021920949527064
-3.8046875 0.0222661542521597
-3.7890625 0.0226167951606689
-3.7734375 0.0229729578600239
-3.7578125 0.0233347293057777
-3.7421875 0.0237021978228343
-3.7265625 0.0240754531270123
-3.7109375 0.0244545863469489
-3.6953125 0.0248396900463486
-3.6796875 0.0252308582465821
-3.6640625 0.0256281864496412
-3.6484375 0.0260317716614554
-3.6328125 0.0264417124155752
-3.6171875 0.0268581087972286
-3.6015625 0.0272810624677569
-3.5859375 0.0277106766894343
-3.5703125 0.0281470563506794
-3.5546875 0.0285903079916629
-3.5390625 0.0290405398303192
-3.5234375 0.0294978617887671
-3.5078125 0.0299623855201469
-3.4921875 0.0304342244358801
-3.4765625 0.0309134937333582
-3.4609375 0.0314003104240674
-3.4453125 0.0318947933621571
-3.4296875 0.0323970632734569
-3.4140625 0.0329072427849517
-3.3984375 0.0334254564547205
-3.3828125 0.0339518308023464
-3.3671875 0.0344864943398062
-3.3515625 0.0350295776028458
-3.3359375 0.0355812131828501
-3.3203125 0.0361415357592144
-3.3046875 0.0367106821322258
-3.2890625 0.0372887912564625
-3.2734375 0.0378760042747191
-3.2578125 0.0384724645524654
-3.2421875 0.0390783177128492
-3.2265625 0.0396937116722491
-3.2109375 0.0403187966763876
-3.1953125 0.0409537253370132
-3.1796875 0.0415986526691596
-3.1640625 0.0422537361289923
-3.1484375 0.0429191356522504
-3.1328125 0.0435950136932945
-3.1171875 0.0442815352647691
-3.1015625 0.0449788679778897
-3.0859375 0.0456871820833645
-3.0703125 0.0464066505129602
-3.0546875 0.0471374489217224
-3.0390625 0.0478797557308615
-3.0234375 0.0486337521713128
-3.0078125 0.0493996223279837
-2.9921875 0.0501775531846972
-2.9765625 0.0509677346698427
-2.9609375 0.0517703597027469
-2.9453125 0.0525856242407737
-2.9296875 0.0534137273271663
-2.9140625 0.0542548711396432
-2.8984375 0.0551092610397585
-2.8828125 0.0559771056230402
-2.8671875 0.056858616769918
-2.8515625 0.0577540096974527
-2.8359375 0.0586635030118808
-2.8203125 0.0595873187619861
-2.8046875 0.0605256824933118
-2.7890625 0.0614788233032267
-2.7734375 0.0624469738968583
-2.7578125 0.0634303706439064
-2.7421875 0.0644292536363521
-2.7265625 0.065443866747075
-2.7109375 0.0664744576893939
-2.6953125 0.0675212780775444
-2.6796875 0.0685845834881102
-2.6640625 0.0696646335224201
-2.6484375 0.0707616918699295
-2.6328125 0.071876026372598
-2.6171875 0.0730079090902826
-2.6015625 0.0741576163671596
-2.5859375 0.0753254288991929
-2.5703125 0.0765116318026645
-2.5546875 0.0777165146837846
-2.5390625 0.0789403717093977
-2.5234375 0.080183501678802
-2.5078125 0.0814462080966998
-2.4921875 0.0827287992472972
-2.4765625 0.0840315882695701
-2.4609375 0.0853548932337156
-2.4453125 0.0866990372188078
-2.4296875 0.0880643483916758
-2.4140625 0.0894511600870243
-2.3984375 0.0908598108888157
-2.3828125 0.0922906447129342
-2.3671875 0.0937440108911508
-2.3515625 0.0952202642564118
-2.3359375 0.0967197652294689
-2.3203125 0.0982428799068753
-2.3046875 0.0997899801503655
-2.2890625 0.101361443677645
-2.2734375 0.102957654154606
-2.2578125 0.104579001289001
-2.2421875 0.106225880925587
-2.2265625 0.107898695142767
-2.2109375 0.109597852350759
-2.1953125 0.111323767391306
-2.1796875 0.113076861638956
-2.1640625 0.114857563103943
-2.1484375 0.116666306536681
-2.1328125 0.118503533533906
-2.1171875 0.12036969264649
-2.1015625 0.122265239488956
-2.0859375 0.124190636850709
-2.0703125 0.126146354809029
-2.0546875 0.128132870843835
-2.0390625 0.130150669954259
-2.0234375 0.13220024477706
-2.0078125 0.134282095706898
-1.9921875 0.1363967310185
-1.9765625 0.138544666990756
-1.9609375 0.140726428032765
-1.9453125 0.142942546811871
-1.9296875 0.145193564383703
-1.9140625 0.147480030324279
-1.8984375 0.149802502864182
-1.8828125 0.152161549024843
-1.8671875 0.154557744756985
-1.8515625 0.156991675081233
-1.8359375 0.159463934230948
-1.8203125 0.161975125797303
-1.8046875 0.164525862876651
-1.7890625 0.167116768220206
-1.7734375 0.169748474386086
-1.7578125 0.172421623893753
-1.7421875 0.175136869380875
-1.7265625 0.177894873762669
-1.7109375 0.180696310393749
-1.6953125 0.183541863232519
-1.6796875 0.186432227008162
-1.6640625 0.189368107390253
-1.6484375 0.192350221161047
-1.6328125 0.195379296390476
-1.6171875 0.198456072613905
-1.6015625 0.201581301012687
-1.5859375 0.20475574459756
-1.5703125 0.207980178394932
-1.5546875 0.211255389636102
-1.5390625 0.214582177949458
-1.5234375 0.217961355555703
-1.5078125 0.221393747466153
-1.4921875 0.224880191684164
-1.4765625 0.228421539409725
-1.4609375 0.232018655247271
-1.4453125 0.23567241741678
-1.4296875 0.239383717968179
-1.4140625 0.243153462999139
-1.3984375 0.246982572876293
-1.3828125 0.250871982459939
-1.3671875 0.254822641332282
-1.3515625 0.258835514029272
-1.3359375 0.26291158027609
-1.3203125 0.267051835226343
-1.3046875 0.271257289705027
-1.2890625 0.275528970455316
-1.2734375 0.279867920389236
-1.2578125 0.284275198842288
-1.2421875 0.288751881832078
-1.2265625 0.293299062321027
-1.2109375 0.297917850483207
-1.1953125 0.302609373975388
-1.1796875 0.307374778212352
-1.1640625 0.312215226646537
-1.1484375 0.317131901052093
-1.1328125 0.322126001813403
-1.1171875 0.327198748218154
-1.1015625 0.332351378755022
-1.0859375 0.33758515141604
-1.0703125 0.342901344003732
-1.0546875 0.348301254443085
-1.0390625 0.353786201098432
-1.0234375 0.359357523095321
-1.0078125 0.365016580647459
-0.9921875 0.370764755388804
-0.9765625 0.37660345071088
-0.9609375 0.382534092105416
-0.9453125 0.388558127512364
-0.9296875 0.394677027673417
-0.9140625 0.400892286491077
-0.8984375 0.407205421393389
-0.8828125 0.413617973704411
-0.8671875 0.420131509020523
-0.8515625 0.426747617592663
-0.8359375 0.433467914714575
-0.8203125 0.440294041117178
-0.8046875 0.447227663369146
-0.7890625 0.454270474283787
-0.7734375 0.461424193332344
-0.7578125 0.468690567063788
-0.7421875 0.476071369531237
-0.7265625 0.48356840272508
-0.7109375 0.491183497012923
-0.6953125 0.498918511586472
-0.6796875 0.506775334915439
-0.6640625 0.514755885208607
-0.6484375 0.522862110882154
-0.6328125 0.531095991035345
-0.6171875 0.539459535933727
-0.6015625 0.54795478749992
-0.5859375 0.556583819812148
-0.5703125 0.565348739610614
-0.5546875 0.574251686811852
-0.5390625 0.583294835031178
-0.5234375 0.592480392113368
-0.5078125 0.601810600671694
-0.4921875 0.611287738635451
-0.4765625 0.620914119806096
-0.4609375 0.630692094422161
-0.4453125 0.640624049733047
-0.4296875 0.650712410581866
-0.4140625 0.660959639997449
-0.3984375 0.671368239795689
-0.3828125 0.681940751190348
-0.3671875 0.692679755413479
-0.3515625 0.703587874345628
-0.3359375 0.714667771155948
-0.3203125 0.725922150952408
-0.3046875 0.737353761442227
-0.2890625 0.748965393602716
-0.2734375 0.760759882362684
-0.2578125 0.772740107294573
-0.2421875 0.784908993317492
-0.2265625 0.797269511411324
-0.2109375 0.809824679342079
-0.1953125 0.822577562398665
-0.1796875 0.835531274141265
-0.1640625 0.848688977161504
-0.1484375 0.862053883854576
-0.1328125 0.875629257203538
-0.1171875 0.889418411575956
-0.1015625 0.903424713533087
-0.0859375 0.917651582651816
-0.0703125 0.932102492359528
-0.0546875 0.946780970782129
-0.0390625 0.961690601605425
-0.0234375 0.976835024950062
-0.0078125 0.992217938260244
0.0078125 1.00784309720645
0.0234375 1.02371431660236
0.0390625 1.03983547133623
0.0546875 1.05621049731693
0.0703125 1.07284339243488
0.0859375 1.08973821753809
0.1015625 1.10689909742366
0.1171875 1.12433022184475
0.1328125 1.14203584653357
0.1484375 1.16002029424033
0.1640625 1.17828795578866
0.1796875 1.19684329114762
0.1953125 1.21569083052055
0.2109375 1.23483517545109
0.2265625 1.25428099994668
0.2421875 1.27403305161966
0.2578125 1.29409615284637
0.2734375 1.31447520194455
0.2890625 1.3351751743692
0.3046875 1.35620112392734
0.3203125 1.37755818401188
0.3359375 1.39925156885491
0.3515625 1.4212865748007
0.3671875 1.44366858159883
0.3828125 1.4664030537176
0.3984375 1.48949554167817
0.4140625 1.51295168340969
0.4296875 1.53677720562576
0.4453125 1.56097792522261
0.4609375 1.58555975069927
0.4765625 1.61052868360006
0.4921875 1.63589081997989
0.5078125 1.66165235189257
0.5234375 1.68781956890255
0.5390625 1.71439885962054
0.5546875 1.74139671326319
0.5703125 1.76881972123747
0.5859375 1.7966745787499
0.6015625 1.82496808644116
0.6171875 1.85370715204643
0.6328125 1.88289879208192
0.6484375 1.91255013355785
0.6640625 1.94266841571854
0.6796875 1.97326099180984
0.6953125 2.00433533087433
0.7109375 2.03589901957494
0.7265625 2.06795976404712
0.7421875 2.10052539178033
0.7578125 2.13360385352902
0.7734375 2.16720322525382
0.7890625 2.20133171009325
0.8046875 2.23599764036643
0.8203125 2.27120947960743
0.8359375 2.30697582463161
0.8515625 2.34330540763444
0.8671875 2.38020709832347
0.8828125 2.41768990608383
0.8984375 2.45576298217781
0.9140625 2.49443562197911
0.9296875 2.53371726724229
0.9453125 2.57361750840788
0.9609375 2.61414608694387
0.9765625 2.65531289772409
0.9921875 2.69712799144392
1.0078125 2.73960157707417
1.0234375 2.78274402435356
1.0390625 2.82656586632042
1.0546875 2.87107780188431
1.0703125 2.91629069843808
1.0859375 2.96221559451115
1.1015625 3.00886370246445
1.1171875 3.05624641122791
1.1328125 3.10437528908103
1.1484375 3.15326208647719
1.1640625 3.20291873891248
1.1796875 3.25335736983971
1.1953125 3.30459029362829
1.2109375 3.35663001857074
1.2265625 3.40948924993651
1.2421875 3.46318089307395
1.2578125 3.51771805656106
1.2734375 3.5731140554059
1.2890625 3.62938241429742
1.3046875 3.68653687090742
1.3203125 3.74459137924454
1.3359375 3.8035601130611
1.3515625 3.86345746931353
1.3671875 3.92429807167734
1.3828125 3.9860967741174
1.3984375 4.04886866451453
1.4140625 4.11262906834907
1.4296875 4.17739355244256
1.4453125 4.24317792875833
1.4609375 4.30999825826187
1.4765625 4.3778708548421
1.4921875 4.4468122892943
1.5078125 4.5168393933658
1.5234375 4.58796926386539
1.5390625 4.66021926683741
1.5546875 4.73360704180163
1.5703125 4.8081505060598
1.5859375 4.88386785907016
1.6015625 4.96077758689067
1.6171875 5.03889846669239
1.6328125 5.11824957134376
1.6484375 5.19885027406721
1.6640625 5.28072025316903
1.6796875 5.36387949684375
1.6953125 5.44834830805414
1.7109375 5.53414730948814
1.7265625 5.62129744859375
1.7421875 5.70982000269329
1.7578125 5.79973658417813
1.7734375 5.89106914578531
1.7890625 5.98383998595715
1.8046875 6.07807175428536
1.8203125 6.17378745704081
1.8359375 6.27101046279043
1.8515625 6.36976450810251
1.8671875 6.47007370334192
1.8828125 6.57196253855653
1.8984375 6.67545588945633
1.9140625 6.78057902348676
1.9296875 6.88735760599763
1.9453125 6.99581770650917
1.9609375 7.10598580507685
1.9765625 7.21788879875633
1.9921875 7.33155400817025
2.0078125 7.44700918417846
2.0234375 7.56428251465328
2.0390625 7.6834026313614
2.0546875 7.80439861695425
2.0703125 7.92730001206838
2.0859375 8.05213682253766
2.1015625 8.17893952671911
2.1171875 8.30773908293401
2.1328125 8.43856693702627
2.1484375 8.5714550300398
2.1640625 8.70643580601675
2.1796875 8.84354221991859
2.1953125 8.98280774567192
2.2109375 9.12426638434098
2.2265625 9.26795267242888
2.2421875 9.41390169030948
2.2578125 9.56214907079219
2.2734375 9.71273100782147
2.2890625 9.86568426531351
2.3046875 10.0210461861319
2.3203125 10.1788547012048
2.3359375 10.3391483387856
2.3515625 10.5019662338593
2.3671875 10.6673481376974
2.3828125 10.8353344275626
2.3984375 11.0059661165671
2.4140625 11.1792848636857
2.4296875 11.3553329839266
2.4453125 11.5341534586623
2.4609375 11.7157899461234
2.4765625 11.9002867920578
2.4921875 12.0876890405571
2.5078125 12.2780424450542
2.5234375 12.4713934794939
2.5390625 12.6677893496789
2.5546875 12.8672780047951
2.5703125 13.0699081491185
2.5859375 13.2757292539056
2.6015625 13.4847915694718
2.6171875 13.6971461374601
2.6328125 13.912844803302
2.6484375 14.1319402288762
2.6640625 14.354485905365
2.6796875 14.5805361663144
2.6953125 14.8101462008992
2.7109375 15.0433720673971
2.7265625 15.2802707068756
2.7421875 15.5208999570931
2.7578125 15.7653185666205
2.7734375 16.0135862091839
2.7890625 16.2657634982339
2.8046875 16.5219120017441
2.8203125 16.7820942572424
2.8359375 17.0463737870798
2.8515625 17.3148151139384
2.8671875 17.5874837765851
2.8828125 17.8644463458718
2.8984375 18.1457704409891
2.9140625 18.4315247459746
2.9296875 18.7217790264825
2.9453125 19.0166041468159
2.9609375 19.3160720872283
2.9765625 19.6202559614974
2.9921875 19.9292300347753
3.0078125 20.2430697417199
3.0234375 20.5618517049125
3.0390625 20.8856537535641
3.0546875 21.2145549425176
3.0703125 21.5486355715486
3.0859375 21.8879772049701
3.1015625 22.232662691546
3.1171875 22.5827761847185
3.1328125 22.9384031631538
3.1484375 23.2996304516111
3.1640625 23.6665462421405
3.1796875 24.0392401156151
3.1953125 24.4178030636011
3.2109375 24.8023275105738
3.2265625 25.1929073364819
3.2421875 25.5896378996682
3.2578125 25.9926160601509
3.2734375 26.4019402032718
3.2890625 26.817710263716
3.3046875 27.2400277499112
3.3203125 27.66899576881
3.3359375 28.1047190510635
3.3515625 28.5473039765903
3.3671875 28.9968586005492
3.3828125 29.45349267972
3.3984375 29.9173176993003
3.4140625 30.3884469001242
3.4296875 30.8669953063093
3.4453125 31.3530797533397
3.4609375 31.8468189165904
3.4765625 32.3483333403018
3.4921875 32.8577454670098
3.5078125 33.3751796674398
3.5234375 33.9007622708709
3.5390625 34.4346215959791
3.5546875 34.9768879821654
3.5703125 35.5276938213777
3.5859375 36.0871735904337
3.6015625 36.655463883853
3.6171875 37.2327034472057
3.6328125 37.8190332109868
3.6484375 38.4145963250236
3.6640625 39.0195381934252
3.6796875 39.6340065100824
3.6953125 40.2581512947259
3.7109375 40.892124929554
3.7265625 41.536082196435
3.7421875 42.190180314697
3.7578125 42.8545789795126
3.7734375 43.5294404008871
3.7890625 44.2149293432618
3.8046875 44.9112131657404
3.8203125 45.618461862949
3.8359375 46.3368481065395
3.8515625 47.0665472873468
3.8671875 47.8077375582094
3.8828125 48.5605998774649
3.8984375 49.3253180531298
3.9140625 50.1020787877761
3.9296875 50.8910717241132
3.9453125 51.6924894912886
3.9609375 52.5065277519178
3.9765625 53.3333852498537
3.9921875 54.1732638587098
4.0078125 55.0263686311464
4.0234375 55.8929078489333
4.0390625 56.7730930738007
4.0546875 57.6671391990917
4.0703125 58.5752645022269
4.0859375 59.497690697996
4.1015625 60.4346429926888
4.1171875 61.386350139078
4.1328125 62.3530444922685
4.1484375 63.3349620664254
4.1640625 64.3323425923963
4.1796875 65.3454295762402
4.1953125 66.3744703586786
4.2109375 67.4197161754827
4.2265625 68.4814222188112
4.2421875 69.5598476995148
4.2578125 70.655255910421
4.2734375 71.7679142906161
4.2890625 72.8980944907389
4.3046875 74.0460724393038
4.3203125 75.2121284100665
4.3359375 76.3965470904527
4.3515625 77.5996176510621
4.3671875 78.8216338162693
4.3828125 80.0628939359344
4.3984375 81.3237010582442
4.4140625 82.6043630037001
4.4296875 83.9051924402712
4.4453125 85.2265069597304
4.4609375 86.5686291551934
4.4765625 87.9318866998782
4.4921875 89.3166124271054
4.5078125 90.7231444115574
4.5234375 92.1518260518184
4.5390625 93.6030061542134
4.5546875 95.0770390179677
4.5703125 96.5742845217076
4.5859375 98.0951082113231
4.6015625 99.6398813892145
4.6171875 101.208981204944
4.6328125 102.802790747315
4.6484375 104.421699137901
4.6640625 106.066101626052
4.6796875 107.736399685384
4.6953125 109.433001111809
4.7109375 111.156320123084
4.7265625 112.90677745995
4.7421875 114.684800488852
4.7578125 116.490823306272
4.7734375 118.325286844722
4.7890625 120.188638980389
4.8046875 122.081334642483
4.8203125 124.003835924306
4.8359375 125.956612196073
4.8515625 127.940140219503
4.8671875 129.95490426422
4.8828125 132.001396225983
4.8984375 134.080115746786
4.9140625 136.191570336835
4.9296875 138.336275498463
4.9453125 140.51475485198
4.9609375 142.727540263519
4.9765625 144.975171974883
4.9921875 147.258198735448
