-3 -0.141120008059867
-2.9 -0.239249329213982
-2.8 -0.334988150155905
-2.7 -0.42737988023383
-2.6 -0.515501371821464
-2.5 -0.598472144103957
-2.4 -0.675463180551151
-2.3 -0.745705212176721
-2.2 -0.808496403819591
-2.1 -0.863209366648874
-2 -0.909297426825682
-1.9 -0.946300087687415
-1.8 -0.973847630878195
-1.7 -0.991664810452469
-1.6 -0.999573603041505
-1.5 -0.997494986604054
-1.4 -0.98544972998846
-1.3 -0.963558185417193
-1.2 -0.932039085967226
-1.1 -0.891207360061435
-0.999999999999998 -0.841470984807896
-0.899999999999998 -0.783326909627482
-0.799999999999998 -0.717356090899522
-0.699999999999998 -0.64421768723769
-0.599999999999998 -0.564642473395034
-0.499999999999998 -0.479425538604202
-0.399999999999998 -0.389418342308649
-0.299999999999998 -0.295520206661338
-0.199999999999998 -0.19866933079506
-0.0999999999999985 -0.0998334166468266
1.52655665885959E-15 1.52655665885959E-15
0.100000000000002 0.0998334166468297
0.200000000000002 0.198669330795063
0.300000000000002 0.295520206661341
0.400000000000002 0.389418342308652
0.500000000000002 0.479425538604204
0.600000000000002 0.564642473395037
0.700000000000002 0.644217687237692
0.800000000000001 0.717356090899524
0.900000000000001 0.783326909627484
1 0.841470984807897
1.1 0.891207360061436
1.2 0.932039085967227
1.3 0.963558185417193
1.4 0.98544972998846
1.5 0.997494986604055
1.6 0.999573603041505
1.7 0.991664810452468
1.8 0.973847630878195
1.9 0.946300087687414
2 0.909297426825681
2.1 0.863209366648873
2.2 0.808496403819589
2.3 0.745705212176718
2.4 0.675463180551149
2.5 0.598472144103954
2.6 0.515501371821462
2.7 0.427379880233827
2.8 0.334988150155902
2.9 0.239249329213979
-3 0.279415498198926
-2.9 0.464602179413757
-2.8 0.631266637872322
-2.7 0.772764487555988
-2.6 0.883454655720154
-2.5 0.958924274663139
-2.4 0.996164608835841
-2.3 0.993691003633464
-2.2 0.951602073889516
-2.1 0.871575772413587
-2 0.756802495307927
-1.9 0.611857890942717
-1.8 0.44252044329485
-1.7 0.255541102026829
-1.6 0.0583741434275774
-1.5 -0.14112000805987
-1.4 -0.334988150155908
-1.3 -0.515501371821467
-1.2 -0.675463180551153
-1.1 -0.808496403819592
-0.999999999999998 -0.909297426825683
-0.899999999999998 -0.973847630878196
-0.799999999999998 -0.999573603041505
-0.699999999999998 -0.98544972998846
-0.599999999999998 -0.932039085967225
-0.499999999999998 -0.841470984807895
-0.399999999999998 -0.717356090899521
-0.299999999999998 -0.564642473395033
-0.199999999999998 -0.389418342308648
-0.0999999999999985 -0.198669330795058
1.52655665885959E-15 3.05311331771918E-15
0.100000000000002 0.198669330795064
0.200000000000002 0.389418342308653
0.300000000000002 0.564642473395038
0.400000000000002 0.717356090899525
0.500000000000002 0.841470984807898
0.600000000000002 0.932039085967228
0.700000000000002 0.985449729988461
0.800000000000001 0.999573603041505
0.900000000000001 0.973847630878194
1 0.90929742682568
1.1 0.808496403819588
1.2 0.675463180551148
1.3 0.515501371821461
1.4 0.334988150155901
1.5 0.141120008059863
1.6 -0.0583741434275841
1.7 -0.255541102026836
1.8 -0.442520443294856
1.9 -0.611857890942723
2 -0.756802495307931
2.1 -0.87157577241359
2.2 -0.951602073889517
2.3 -0.993691003633465
2.4 -0.99616460883584
2.5 -0.958924274663137
2.6 -0.883454655720151
2.7 -0.772764487555984
2.8 -0.631266637872317
2.9 -0.464602179413752
-3 -0.412118485241757
-2.9 -0.662969230082183
-2.8 -0.854598908088281
-2.7 -0.969889810845086
-2.6 -0.998543345374605
-2.5 -0.937999976774738
-2.4 -0.793667863849152
-2.3 -0.578439764388199
-2.2 -0.311541363513376
-2.1 -0.016813900484347
-2 0.279415498198928
-1.9 0.55068554259764
-1.8 0.772764487555989
-1.7 0.925814682327734
-1.6 0.996164608835841
-1.5 0.977530117665096
-1.4 0.871575772413586
-1.3 0.687766159183971
-1.2 0.442520443294848
-1.1 0.157745694143243
-0.999999999999998 -0.141120008059872
-0.899999999999998 -0.427379880233835
-0.799999999999998 -0.675463180551155
-0.699999999999998 -0.863209366648876
-0.599999999999998 -0.973847630878196
-0.499999999999998 -0.997494986604054
-0.399999999999998 -0.932039085967225
-0.299999999999998 -0.783326909627481
-0.199999999999998 -0.564642473395032
-0.0999999999999985 -0.295520206661335
1.52655665885959E-15 4.57966997657877E-15
0.100000000000002 0.295520206661344
0.200000000000002 0.564642473395039
0.300000000000002 0.783326909627486
0.400000000000002 0.932039085967228
0.500000000000002 0.997494986604055
0.600000000000002 0.973847630878194
0.700000000000002 0.863209366648871
0.800000000000001 0.675463180551148
0.900000000000001 0.427379880233826
1 0.141120008059863
1.1 -0.157745694143253
1.2 -0.442520443294857
1.3 -0.687766159183978
1.4 -0.871575772413591
1.5 -0.977530117665098
1.6 -0.99616460883584
1.7 -0.92581468232773
1.8 -0.772764487555983
1.9 -0.550685542597632
2 -0.279415498198919
2.1 0.0168139004843568
2.2 0.311541363513385
2.3 0.578439764388206
2.4 0.793667863849158
2.5 0.937999976774742
2.6 0.998543345374605
2.7 0.969889810845084
2.8 0.854598908088276
2.9 0.662969230082175
