0 5.09987237749135
0.125 5.08174448745689
0.25 5.06361659742243
0.375 5.04548870738797
0.5 5.02736081735351
0.625 5.00923292731905
0.75 4.99110503728459
0.875 4.97297714725013
1 4.95484925721567
1.125 4.93672136718121
1.25 4.91859347714676
1.375 4.9004655871123
1.5 4.88233769707784
1.625 4.86420980704338
1.75 4.84608191700892
1.875 4.82795402697446
2 4.80982613694
2.125 4.79169824690554
2.25 4.77357035687108
2.375 4.75544246683662
2.5 4.73731457680216
2.625 4.7191866867677
2.75 4.70105879673324
2.875 4.68293090669878
3 4.66480301666432
3.125 4.64667512662986
3.25 4.6285472365954
3.375 4.61041934656094
3.5 4.59229145652649
3.625 4.57416356649203
3.75 4.55603567645757
3.875 4.53790778642311
4 4.51977989638865
4.125 4.50165200635419
4.25 4.48352411631973
4.375 4.46539622628527
4.5 4.44726833625081
4.625 4.42914044621635
4.75 4.41101255618189
4.875 4.39288466614743
5 4.37475677611297
5.125 4.35662888607851
5.25 4.33850099604405
5.375 4.32037310600959
5.5 4.30224521597513
5.625 4.28411732594067
5.75 4.26598943590622
5.875 4.24786154587176
6 4.2297336558373
6.125 4.21160576580284
6.25 4.19347787576838
6.375 4.17534998573392
6.5 4.15722209569946
6.625 4.139094205665
6.75 4.12096631563054
6.875 4.10283842559608
7 4.08471053556162
7.125 4.06658264552716
7.25 4.0484547554927
7.375 4.03032686545824
7.5 4.01219897542378
7.625 3.99407108538932
7.75 3.97594319535486
7.875 3.9578153053204
8 3.93968741528594
8.125 3.92155952525149
8.25 3.90343163521703
8.375 3.88530374518257
8.5 3.86717585514811
8.625 3.84904796511365
8.75 3.83092007507919
8.875 3.81279218504473
9 3.79466429501027
9.125 3.77653640497581
9.25 3.75840851494135
9.375 3.74028062490689
9.5 3.72215273487243
9.625 3.70402484483797
9.75 3.68589695480351
9.875 3.66776906476905
10 3.64964117473459
10.125 3.63151328470013
10.25 3.61338539466567
10.375 3.59525750463122
10.5 3.57712961459676
10.625 3.5590017245623
10.75 3.54087383452784
10.875 3.52274594449338
11 3.50461805445892
11.125 3.48649016442446
11.25 3.46836227439
11.375 3.45023438435554
11.5 3.43210649432108
11.625 3.41397860428662
11.75 3.39585071425216
11.875 3.3777228242177
12 3.35959493418324
12.125 3.34146704414878
12.25 3.32333915411432
12.375 3.30521126407986
12.5 3.2870833740454
12.625 3.26895548401095
12.75 3.25082759397649
12.875 3.23269970394203
13 3.21457181390757
13.125 3.19644392387311
13.25 3.17831603383865
13.375 3.16018814380419
13.5 3.14206025376973
13.625 3.12393236373527
13.75 3.10580447370081
13.875 3.08767658366635
14 3.06954869363189
14.125 3.05142080359743
14.25 3.03329291356297
14.375 3.01516502352851
14.5 2.99703713349405
14.625 2.97890924345959
14.75 2.96078135342513
14.875 2.94265346339068
15 2.92452557335622
