0 4.63503689305366
0.125 4.61205312471421
0.25 4.58906935637477
0.375 4.56608558803532
0.5 4.54310181969587
0.625 4.52011805135643
0.75 4.49713428301698
0.875 4.47415051467753
1 4.45116674633808
1.125 4.42818297799864
1.25 4.40519920965919
1.375 4.38221544131974
1.5 4.3592316729803
1.625 4.33624790464085
1.75 4.3132641363014
1.875 4.29028036796196
2 4.26729659962251
2.125 4.24431283128306
2.25 4.22132906294361
2.375 4.19834529460417
2.5 4.17536152626472
2.625 4.15237775792527
2.75 4.12939398958583
2.875 4.10641022124638
3 4.08342645290693
3.125 4.06044268456749
3.25 4.03745891622804
3.375 4.01447514788859
3.5 3.99149137954914
3.625 3.9685076112097
3.75 3.94552384287025
3.875 3.9225400745308
4 3.89955630619136
4.125 3.87657253785191
4.25 3.85358876951246
4.375 3.83060500117301
4.5 3.80762123283357
4.625 3.78463746449412
4.75 3.76165369615467
4.875 3.73866992781523
5 3.71568615947578
5.125 3.69270239113633
5.25 3.66971862279689
5.375 3.64673485445744
5.5 3.62375108611799
5.625 3.60076731777854
5.75 3.5777835494391
5.875 3.55479978109965
6 3.5318160127602
6.125 3.50883224442076
6.25 3.48584847608131
6.375 3.46286470774186
6.5 3.43988093940242
6.625 3.41689717106297
6.75 3.39391340272352
6.875 3.37092963438407
7 3.34794586604463
7.125 3.32496209770518
7.25 3.30197832936573
7.375 3.27899456102629
7.5 3.25601079268684
7.625 3.23302702434739
7.75 3.21004325600795
7.875 3.1870594876685
8 3.16407571932905
8.125 3.1410919509896
8.25 3.11810818265016
8.375 3.09512441431071
8.5 3.07214064597126
8.625 3.04915687763182
8.75 3.02617310929237
8.875 3.00318934095292
9 2.98020557261347
9.125 2.95722180427403
9.25 2.93423803593458
9.375 2.91125426759513
9.5 2.88827049925569
9.625 2.86528673091624
9.75 2.84230296257679
9.875 2.81931919423735
10 2.7963354258979
10.125 2.77335165755845
10.25 2.750367889219
10.375 2.72738412087956
10.5 2.70440035254011
10.625 2.68141658420066
10.75 2.65843281586122
10.875 2.63544904752177
11 2.61246527918232
11.125 2.58948151084288
11.25 2.56649774250343
11.375 2.54351397416398
11.5 2.52053020582453
11.625 2.49754643748509
11.75 2.47456266914564
11.875 2.45157890080619
12 2.42859513246675
12.125 2.4056113641273
12.25 2.38262759578785
12.375 2.35964382744841
12.5 2.33666005910896
12.625 2.31367629076951
12.75 2.29069252243006
12.875 2.26770875409062
13 2.24472498575117
13.125 2.22174121741172
13.25 2.19875744907228
13.375 2.17577368073283
13.5 2.15278991239338
13.625 2.12980614405393
13.75 2.10682237571449
13.875 2.08383860737504
14 2.06085483903559
14.125 2.03787107069615
14.25 2.0148873023567
14.375 1.99190353401725
14.5 1.96891976567781
14.625 1.94593599733836
14.75 1.92295222899891
14.875 1.89996846065946
15 1.87698469232002
