0 4.63503689305366
0.125 4.6169090030192
0.25 4.59878111298474
0.375 4.58065322295028
0.5 4.56252533291582
0.625 4.54439744288136
0.75 4.5262695528469
0.875 4.50814166281244
1 4.49001377277798
1.125 4.47188588274353
1.25 4.45375799270907
1.375 4.43563010267461
1.5 4.41750221264015
1.625 4.39937432260569
1.75 4.38124643257123
1.875 4.36311854253677
2 4.34499065250231
2.125 4.32686276246785
2.25 4.30873487243339
2.375 4.29060698239893
2.5 4.27247909236447
2.625 4.25435120233001
2.75 4.23622331229555
2.875 4.21809542226109
3 4.19996753222663
3.125 4.18183964219217
3.25 4.16371175215771
3.375 4.14558386212326
3.5 4.1274559720888
3.625 4.10932808205434
3.75 4.09120019201988
3.875 4.07307230198542
4 4.05494441195096
4.125 4.0368165219165
4.25 4.01868863188204
4.375 4.00056074184758
4.5 3.98243285181312
4.625 3.96430496177866
4.75 3.9461770717442
4.875 3.92804918170974
5 3.90992129167528
5.125 3.89179340164082
5.25 3.87366551160636
5.375 3.8555376215719
5.5 3.83740973153744
5.625 3.81928184150299
5.75 3.80115395146853
5.875 3.78302606143407
6 3.76489817139961
6.125 3.74677028136515
6.25 3.72864239133069
6.375 3.71051450129623
6.5 3.69238661126177
6.625 3.67425872122731
6.75 3.65613083119285
6.875 3.63800294115839
7 3.61987505112393
7.125 3.60174716108947
7.25 3.58361927105501
7.375 3.56549138102055
7.5 3.54736349098609
7.625 3.52923560095163
7.75 3.51110771091717
7.875 3.49297982088272
8 3.47485193084826
8.125 3.4567240408138
8.25 3.43859615077934
8.375 3.42046826074488
8.5 3.40234037071042
8.625 3.38421248067596
8.75 3.3660845906415
8.875 3.34795670060704
9 3.32982881057258
9.125 3.31170092053812
9.25 3.29357303050366
9.375 3.2754451404692
9.5 3.25731725043474
9.625 3.23918936040028
9.75 3.22106147036582
9.875 3.20293358033136
10 3.1848056902969
10.125 3.16667780026245
10.25 3.14854991022799
10.375 3.13042202019353
10.5 3.11229413015907
10.625 3.09416624012461
10.75 3.07603835009015
10.875 3.05791046005569
11 3.03978257002123
11.125 3.02165467998677
11.25 3.00352678995231
11.375 2.98539889991785
11.5 2.96727100988339
11.625 2.94914311984893
11.75 2.93101522981447
11.875 2.91288733978001
12 2.89475944974555
12.125 2.87663155971109
12.25 2.85850366967663
12.375 2.84037577964218
12.5 2.82224788960772
12.625 2.80411999957326
12.75 2.7859921095388
12.875 2.76786421950434
13 2.74973632946988
13.125 2.73160843943542
13.25 2.71348054940096
13.375 2.6953526593665
13.5 2.67722476933204
13.625 2.65909687929758
13.75 2.64096898926312
13.875 2.62284109922866
14 2.6047132091942
14.125 2.58658531915974
14.25 2.56845742912528
14.375 2.55032953909082
14.5 2.53220164905636
14.625 2.51407375902191
14.75 2.49594586898745
14.875 2.47781797895299
15 2.45969008891853
