0 5.09987237749135
0.125 5.0768886091519
0.25 5.05390484081246
0.375 5.03092107247301
0.5 5.00793730413356
0.625 4.98495353579411
0.75 4.96196976745467
0.875 4.93898599911522
1 4.91600223077577
1.125 4.89301846243633
1.25 4.87003469409688
1.375 4.84705092575743
1.5 4.82406715741799
1.625 4.80108338907854
1.75 4.77809962073909
1.875 4.75511585239964
2 4.7321320840602
2.125 4.70914831572075
2.25 4.6861645473813
2.375 4.66318077904186
2.5 4.64019701070241
2.625 4.61721324236296
2.75 4.59422947402352
2.875 4.57124570568407
3 4.54826193734462
3.125 4.52527816900517
3.25 4.50229440066573
3.375 4.47931063232628
3.5 4.45632686398683
3.625 4.43334309564739
3.75 4.41035932730794
3.875 4.38737555896849
4 4.36439179062904
4.125 4.3414080222896
4.25 4.31842425395015
4.375 4.2954404856107
4.5 4.27245671727126
4.625 4.24947294893181
4.75 4.22648918059236
4.875 4.20350541225292
5 4.18052164391347
5.125 4.15753787557402
5.25 4.13455410723457
5.375 4.11157033889513
5.5 4.08858657055568
5.625 4.06560280221623
5.75 4.04261903387679
5.875 4.01963526553734
6 3.99665149719789
6.125 3.97366772885845
6.25 3.950683960519
6.375 3.92770019217955
6.5 3.9047164238401
6.625 3.88173265550066
6.75 3.85874888716121
6.875 3.83576511882176
7 3.81278135048232
7.125 3.78979758214287
7.25 3.76681381380342
7.375 3.74383004546397
7.5 3.72084627712453
7.625 3.69786250878508
7.75 3.67487874044563
7.875 3.65189497210619
8 3.62891120376674
8.125 3.60592743542729
8.25 3.58294366708785
8.375 3.5599598987484
8.5 3.53697613040895
8.625 3.51399236206951
8.75 3.49100859373006
8.875 3.46802482539061
9 3.44504105705116
9.125 3.42205728871172
9.25 3.39907352037227
9.375 3.37608975203282
9.5 3.35310598369338
9.625 3.33012221535393
9.75 3.30713844701448
9.875 3.28415467867503
10 3.26117091033559
10.125 3.23818714199614
10.25 3.21520337365669
10.375 3.19221960531725
10.5 3.1692358369778
10.625 3.14625206863835
10.75 3.12326830029891
10.875 3.10028453195946
11 3.07730076362001
11.125 3.05431699528056
11.25 3.03133322694112
11.375 3.00834945860167
11.5 2.98536569026222
11.625 2.96238192192278
11.75 2.93939815358333
11.875 2.91641438524388
12 2.89343061690444
12.125 2.87044684856499
12.25 2.84746308022554
12.375 2.82447931188609
12.5 2.80149554354665
12.625 2.7785117752072
12.75 2.75552800686775
12.875 2.73254423852831
13 2.70956047018886
13.125 2.68657670184941
13.25 2.66359293350996
13.375 2.64060916517052
13.5 2.61762539683107
13.625 2.59464162849162
13.75 2.57165786015218
13.875 2.54867409181273
14 2.52569032347328
14.125 2.50270655513384
14.25 2.47972278679439
14.375 2.45673901845494
14.5 2.43375525011549
14.625 2.41077148177605
14.75 2.3877877134366
14.875 2.36480394509715
15 2.34182017675771
