0.476190476190476 -0.474474099880139
0.952380952380952 1.10447674611743E-11
1.42857142857143 -5.02429920022271E-10
1.9047619047619 -5.78321866804505E-14
2.38095238095238 -5.8770744815426E-13
2.85714285714286 -1.94009537971153E-14
3.33333333333333 2.72867800021464E-15
3.80952380952381 1.8901853087983E-09
4.28571428571429 2.82789995495466E-10
4.76190476190476 -7.15390500488712E-10
5.23809523809524 6.63029473422704E-11
5.71428571428571 -4.91963550190073E-11
6.19047619047619 -9.29224930378986E-12
6.66666666666667 5.24559983272229E-11
7.14285714285714 -3.55031356123151E-11
7.61904761904762 1.66041506856492E-11
8.09523809523809 -8.29228196071071E-12
8.57142857142857 2.68616489813367E-12
9.04761904761905 -1.10980278890924E-12
9.52380952380952 3.89545365769988E-09
