0.476190476190476 1.10447854295293E-11
0.952380952380952 -0.110512443156206
1.42857142857143 -8.40459231256959E-17
1.9047619047619 1.15521698512935E-10
2.38095238095238 -1.78737727906058E-11
2.85714285714286 -1.15561357256159E-12
3.33333333333333 -1.02918272946572E-14
3.80952380952381 -2.90081702193562E-16
4.28571428571429 4.64675872690987E-16
4.76190476190476 -1.51862493646122E-09
5.23809523809524 2.85820084652639E-10
5.71428571428571 -2.88520138039003E-10
6.19047619047619 2.716723203961E-10
6.66666666666667 -9.96694066625405E-11
7.14285714285714 6.74928550916376E-11
7.61904761904762 -2.90893929209751E-11
8.09523809523809 1.50400648120553E-11
8.57142857142857 -4.61302573686842E-12
9.04761904761905 1.91684915771487E-12
9.52380952380952 -1.20364778002394E-09
