10 -0.325199171507119 -0.106254553754398 -0.0434478645016302
15 -0.38449987798672 -0.114688020529666 -0.0466845579864489
20 -0.419999999999622 -0.118596916614592 -0.0479973748521142
25 -0.442158530691255 -0.120672035007829 -0.0486505554841598
30 -0.456609345582934 -0.121890448226984 -0.0490205956025565
35 -0.466426850755286 -0.122661879596809 -0.0492498660034603
40 -0.473342838462363 -0.123179340748959 -0.0494015115083084
45 -0.478370653832829 -0.123542532814871 -0.0495069300685177
50 -0.482126421649174 -0.123806886286051 -0.0495831364671879
55 -0.48499849849835 -0.124005108983113 -0.0496399911510371
60 -0.487239845879449 -0.124157469366485 -0.0496835244709495
65 -0.48902016871399 -0.124277051535224 -0.049717590827316
70 -0.490456360196109 -0.12437259904063 -0.04974474630761
75 -0.491630855335248 -0.124450130437016 -0.0497667397925674
80 -0.492603025729077 -0.124513896056724 -0.0497848003900519
85 -0.493416446993926 -0.124566965413381 -0.0497998122503408
90 -0.494103648933937 -0.124611599351761 -0.0498124244798452
95 -0.494689290492016 -0.124649492441196 -0.0498231222848208
100 -0.495192325473802 -0.1246819347777 -0.0498322742144789
105 -0.495627507543008 -0.124709922382438 -0.0498401642544193
110 -0.496006453982736 -0.12473423402385 -0.0498470140763906
115 -0.496338409384201 -0.124755485633353 -0.0498529987483742
120 -0.496630801812594 -0.124774169475555 -0.0498582580123353
125 -0.496889653219 -0.124790682761464 -0.049862904502663
130 -0.497119886008206 -0.124805348832695 -0.0498670298181933
135 -0.497325554635653 -0.124818433039775 -0.049870709065024
140 -0.49751002240935 -0.124830154779893 -0.0498740042949676
145 -0.497676097782821 -0.12484069671919 -0.0498769671360041
