Matrix H:
2.31 -2.205 0 0 0 0 0 0 0 0 0 0 0 0 0 0 0 0 0 0 
-2.205 3.36 -2.205 0 0 0 0 0 0 0 0 0 0 0 0 0 0 0 0 0 
0 -2.205 3.71 -2.205 0 0 0 0 0 0 0 0 0 0 0 0 0 0 0 0 
0 0 -2.205 3.885 -2.205 0 0 0 0 0 0 0 0 0 0 0 0 0 0 0 
0 0 0 -2.205 3.99 -2.205 0 0 0 0 0 0 0 0 0 0 0 0 0 0 
0 0 0 0 -2.205 4.06 -2.205 0 0 0 0 0 0 0 0 0 0 0 0 0 
0 0 0 0 0 -2.205 4.11 -2.205 0 0 0 0 0 0 0 0 0 0 0 0 
0 0 0 0 0 0 -2.205 4.1475 -2.205 0 0 0 0 0 0 0 0 0 0 0 
0 0 0 0 0 0 0 -2.205 4.17666666666667 -2.205 0 0 0 0 0 0 0 0 0 0 
0 0 0 0 0 0 0 0 -2.205 4.2 -2.205 0 0 0 0 0 0 0 0 0 
0 0 0 0 0 0 0 0 0 -2.205 4.21909090909091 -2.205 0 0 0 0 0 0 0 0 
0 0 0 0 0 0 0 0 0 0 -2.205 4.235 -2.205 0 0 0 0 0 0 0 
0 0 0 0 0 0 0 0 0 0 0 -2.205 4.24846153846154 -2.205 0 0 0 0 0 0 
0 0 0 0 0 0 0 0 0 0 0 0 -2.205 4.26 -2.205 0 0 0 0 0 
0 0 0 0 0 0 0 0 0 0 0 0 0 -2.205 4.27 -2.205 0 0 0 0 
0 0 0 0 0 0 0 0 0 0 0 0 0 0 -2.205 4.27875 -2.205 0 0 0 
0 0 0 0 0 0 0 0 0 0 0 0 0 0 0 -2.205 4.28647058823529 -2.205 0 0 
0 0 0 0 0 0 0 0 0 0 0 0 0 0 0 0 -2.205 4.29333333333333 -2.205 0 
0 0 0 0 0 0 0 0 0 0 0 0 0 0 0 0 0 -2.205 4.29947368421053 -2.205 
0 0 0 0 0 0 0 0 0 0 0 0 0 0 0 0 0 0 -2.205 4.305 


Diagonalizing the matrix using the Jacobi eigenvale algorithm:
