1 2.36983979541314 16.4403914497771 40.1589519433126
1.2 1.26745684093494 10.9711916530199 27.3955180368712
1.4 0.646612548877945 7.73133786532781 19.7644296261683
1.6 0.271713519894717 5.66619315768702 14.8536462904954
1.8 0.0335924212890546 4.27623483571545 11.515705895886
2 -0.123477598117637 3.30062311799849 9.14878315997977
2.2 -0.230111974696217 2.59264490898839 7.4128661429708
2.4 -0.304128251701294 2.06479808628999 6.10425590220758
2.6 -0.356387819882526 1.66235812395064 5.09498122670696
2.8 -0.393767903331369 1.34972958536544 4.30142469948982
3 -0.420762493396283 1.10298192552383 3.66711422938497
3.2 -0.440386836266335 0.905566656792807 3.15281989158292
3.4 -0.454709514119562 0.7457577759167 2.73061777163803
3.6 -0.465176509413279 0.615067583524429 2.38020481707279
3.8 -0.472814629349224 0.507235926254881 2.08654034238471
4 -0.47836264109888 0.417567878338245 1.83829568857518
4.2 -0.482357828069966 0.342489400042501 1.62681071534411
4.4 -0.485194344990853 0.27924291891557 1.44537646126683
4.6 -0.48716331862658 0.225674818272724 1.2887326014899
4.8 -0.488480883097213 0.180084550762957 1.15270932180951
5 -0.489308085113163 0.141115845507059 1.03396812510032
5.2 -0.489765211352778 0.107677153202036 0.929811574369742
5.4 -0.489942223855087 0.0788827107905438 0.838041822925928
5.6 -0.489906436633954 0.0540083509337839 0.756854166378495
5.8 -0.489708208266783 0.0324579908538827 0.684756066156468
6 -0.48938518906577 0.0137379483976139 0.620504923584197
6.2 -0.488965503456886 -0.0025629407748677 0.563059812088279
6.4 -0.4884701408116 -0.0167888607825106 0.511543708365435
6.6 -0.48791475376232 -0.0292292653179308 0.465213697249316
6.8 -0.487311010837788 -0.0401286154460706 0.423437287232362
7 -0.486667612892927 -0.0496941801438643 0.385673448548401
7.2 -0.485991055608357 -0.0581023294029278 0.351457330009133
7.4 -0.485286200232765 -0.065503644332465 0.320387862863145
7.6 -0.484556699698705 -0.0720270913916106 0.292117646244863
7.8 -0.483805315880321 -0.0777834506780812 0.266344647685534
8 -0.483034155126145 -0.0828681455060785 0.242805356589602
8.2 -0.482244842615462 -0.0873635883620264 0.221269107710647
8.4 -0.481438651060985 -0.0913411339125384 0.201533352066674
8.6 -0.480616595448382 -0.0948627110342574 0.183419699170131
8.8 -0.479779502587421 -0.0979821913822007 0.166770590382284
9 -0.478928062038089 -0.100746540753462 0.151446491185317
9.2 -0.478062863303922 -0.103196790662397 0.137323512088446
9.4 -0.477184422926759 -0.105368860551007 0.124291385157739
9.6 -0.476293204174024 -0.10729425549034 0.112251736843104
9.8 -0.475389631305216 -0.109000659767268 0.101116608672697
10 -0.47447409988014 -0.110512443156207 0.0908071861054754
10.2 -0.473546984182845 -0.111851093763733 0.0812527028446998
10.4 -0.472608642547971 -0.113035588964969 0.0723894935792811
10.6 -0.471659421164613 -0.114082714014806 0.0641601727151869
10.8 -0.470699656777316 -0.115007336329205 0.0565129204030575
11 -0.469729678589772 -0.115822642124915 0.0494008602306811
11.2 -0.468749809593503 -0.116540341026624 0.0427815154641005
11.4 -0.467760367482874 -0.117170843356765 0.0366163327941907
11.6 -0.46676166527351 -0.117723414080679 0.0308702642606586
11.8 -0.465754011708898 -0.118206306761599 0.0255113994492123
12 -0.464737711516491 -0.11862688036368 0.0205106412436809
12.2 -0.463713065557708 -0.118991701309322 0.0158414194060492
12.4 -0.462680370903797 -0.119306632834658 0.0114794370882967
12.6 -0.461639920860652 -0.119576913382424 0.00740244607873944
12.8 -0.460592004959194 -0.119807225514853 0.00359004717492087
13 -0.459536908923261 -0.120001756612544 2.35125736604335E-05
13.2 -0.458474914623549 -0.12016425244211 -0.00331437240823173
13.4 -0.457406300023703 -0.12029806452015 -0.00643945060930799
13.6 -0.456331339122921 -0.120406192069374 -0.00936631931479649
13.8 -0.455250301898101 -0.120491319250765 -0.0121084433213275
14 -0.454163454247693 -0.120555848260336 -0.0146782563075066
14.2 -0.453071057938725 -0.120601928797857 -0.0170872518492924
14.4 -0.451973370557961 -0.120631484345613 -0.0193460652523853
14.6 -0.450870645467888 -0.120646235636101 -0.0214645472297796
14.8 -0.44976313176785 -0.120647721636968 -0.0234518303277916
15 -0.448651074260614 -0.120637318338234 -0.0253163888955527
15.2 -0.447534713424366 -0.120616255589762 -0.0270660932986467
15.4 -0.446414285390193 -0.120585632205226 -0.0287082589953237
15.6 -0.44529002192491 -0.120546429521553 -0.0302496910218442
15.8 -0.444162150419149 -0.120499523579464 -0.0316967243705766
16 -0.443030893880503 -0.120445696070645 -0.033055260689215
16.2 -0.44189647093157 -0.120385644179768 -0.0343308016809833
16.4 -0.44075909581269 -0.120319989434699 -0.0355284795429633
16.6 -0.439618978389145 -0.120249285665342 -0.0366530847420481
16.8 -0.438476324162634 -0.120174026160404 -0.0377090913948002
17 -0.43733133428679 -0.120094650101715 -0.0387006804881841
17.2 -0.436184205586509 -0.120011548347264 -0.0396317611521797
17.4 -0.435035130580908 -0.119925068626781 -0.0405059901723819
17.6 -0.433884297509658 -0.119835520207188 -0.041326789910371
17.8 -0.432731890362524 -0.119743178079561 -0.0420973647816625
18 -0.431578088911862 -0.119648286714199 -0.0428207164251345
18.2 -0.430423068747931 -0.119551063425895 -0.0434996576837072
18.4 -0.429267001316761 -0.119451701387528 -0.0441368255035403
18.6 -0.428110053960449 -0.119350372326473 -0.0447346928479352
18.8 -0.426952389959659 -0.119247228935141 -0.0452955797122673
19 -0.425794168578172 -0.119142407023995 -0.0458216633175624
19.2 -0.424635545109321 -0.119036027442807 -0.0463149875525709
19.4 -0.42347667092413 -0.118928197793468 -0.0467774717273017
19.6 -0.422317693521018 -0.118819013955547 -0.0472109186948711
19.8 -0.42115875657691 -0.118708561443738 -0.0476170223930553
20 -0.419999999999622 -0.118596916614592 -0.047997374852114
