0.198019801980198 0.0765465492636762 0.0621375928046194
0.396039603960396 0.123076780061354 0.0998662461644331
0.594059405940594 0.145716358632475 0.118192435481963
0.792079207920792 0.14968891880573 0.121376238488044
0.99009900990099 0.139425782146593 0.113023891524497
1.18811881188119 0.118663900276346 0.096170156929837
1.38613861386139 0.0905331589694342 0.0733515337424066
1.58415841584158 0.0576341222556681 0.0466712455698716
1.78217821782178 0.0221071464695359 0.0178568500528386
1.98019801980198 -0.0143062454383371 -0.011688766910218
2.17821782178218 -0.0502089625359395 -0.0408423228265631
2.37623762376238 -0.0845001942746118 -0.0687203738406085
2.57425742574257 -0.11633286978337 -0.0946442920541374
2.77227722772277 -0.145076145689804 -0.118109478658979
2.97029702970297 -0.170282390329076 -0.138758356670732
3.16831683168317 -0.191658199076626 -0.156356732437776
3.36633663366337 -0.209038998958292 -0.170773156224938
3.56435643564356 -0.222366863838966 -0.181960949418324
3.76237623762376 -0.231671185372978 -0.189942599616518
3.96039603960396 -0.237051886574601 -0.194796255382457
4.15841584158416 -0.238664897079312 -0.196644080021203
4.35643564356436 -0.236709629038396 -0.195642248687251
4.55445544554455 -0.231418230177184 -0.191972395653368
4.75247524752475 -0.22304640393189 -0.185834338912532
4.95049504950495 -0.211865615585575 -0.177439927636875
5.14851485148515 -0.198156517939604 -0.167007874566492
5.34653465346535 -0.182203444022028 -0.154759450314164
5.54455445544555 -0.164289842481588 -0.140914930001854
5.74257425742574 -0.144694530275785 -0.125690694730541
5.94059405940594 -0.123688662326703 -0.109296901252798
6.13861386138614 -0.101533320324605 -0.0919356429829025
6.33663366336634 -0.0784776374795445 -0.0737995342467745
6.53465346534654 -0.0547573900581282 -0.0550706575390992
6.73267326732673 -0.0305939809944289 -0.0359198206041198
6.93069306930693 -0.00619376863659267 -0.0165060764686172
7.12871287128713 0.0182523236044593 0.00302353479805324
7.32673267326733 0.0425689504887989 0.0225340587762821
7.52475247524753 0.0665962895264156 0.0419025455163366
7.72277227722772 0.0901898162187043 0.061017842146023
7.92079207920792 0.113219942301333 0.0797802833495829
8.11881188118812 0.135571545955246 0.0981013006212926
8.31683168316832 0.15714341328385 0.115902968372852
8.51485148514852 0.177847615671391 0.133117502469153
8.71287128712871 0.197608835972753 0.149686724549605
8.91089108910891 0.216363660388862 0.165561503532446
9.10891089108911 0.234059850591561 0.180701183970583
9.30693069306931 0.250655602040738 0.195073009405313
9.50495049504951 0.26611880512601 0.208651547527102
9.7029702970297 0.28042630844715 0.221418122780568
9.9009900990099 0.293563197417957 0.233360261026341
10.0990099009901 0.305522087502768 0.244471149979434
10.2970297029703 0.316302440595788 0.25474911836779
10.4950495049505 0.32590990759275 0.264197136082803
10.6930693069307 0.334355696196681 0.272822337014102
10.8910891089109 0.341655970415289 0.280635565763332
11.0891089108911 0.347831277905792 0.287650949006588
11.2871287128713 0.352906010700561 0.293885491914076
11.4851485148515 0.356907897828415 0.299358699731049
11.6831683168317 0.359867528306884 0.304092224369077
11.8811881188119 0.361817908497446 0.308109535645444
12.0792079207921 0.362794046758066 0.311435616635281
12.2772277227723 0.362832572360686 0.314096682461285
12.4752475247525 0.361971380082671 0.316119921735011
12.6732673267327 0.360249306622338 0.317533259778172
12.8712871287129 0.357705833141238 0.318365142688466
13.0693069306931 0.354380813066884 0.318644341269334
13.2673267326733 0.350314226711014 0.318399773813931
13.4653465346535 0.345545958057064 0.317660346718152
13.6633663366337 0.340115595243306 0.316454811893629
13.8613861386139 0.334062251712102 0.314811639957455
14.0594059405941 0.327424406302282 0.312758908189225
14.2574257425743 0.32023976483316 0.310324202266538
14.4554455445545 0.312545134843295 0.307534530816004
14.6534653465347 0.304376321259419 0.304416251847011
14.8514851485149 0.295768032117304 0.300995010169096
15.0495049504951 0.286753802142194 0.297295684929853
15.2475247524752 0.277365927318928 0.293342346448255
15.4455445544554 0.267635410759139 0.289158221557376
15.6435643564356 0.257591921500586 0.284765666710369
15.8415841584158 0.247263759845261 0.280186148143605
16.039603960396 0.236677834739975 0.275440228430835
16.2376237623762 0.22585964643124 0.270547558801757
16.4356435643564 0.214833277925865 0.265526876637194
16.6336633663366 0.203621394489912 0.260396007590964
16.8316831683168 0.192245243953959 0.255171871825394
17.029702970297 0.180724668260623 0.24987049388299
17.2277227722772 0.169078112553501 0.244507015751111
17.4257425742574 0.157322645303661 0.239095712709355
17.6237623762376 0.145473976984753 0.233650011580828
17.8217821782178 0.13354648317197 0.22818251103842
18.019801980198 0.121553230523156 0.222705003645669
18.2178217821782 0.109506001279713 0.217228499338777
18.4158415841584 0.0974153259235558 0.211763250081773
18.6138613861386 0.0852905098315763 0.206318775450862
18.8118811881188 0.0731396667976904 0.200903888926519
19.009900990099 0.0609697488860224 0.195526724693067
19.2079207920792 0.0487865769523557 0.190194764765253
19.4059405940594 0.0365948749601492 0.184914866279825
19.6039603960396 0.0243982982080583 0.179693288807297
19.8019801980198 0.012199468468365 0.174535721555089
