0.116279069767442 0.206389276836238 0.207029477501359 -0.0731390328032114 -0.0730673639139327 0.0398900540056102 0.0397598790092099
0.232558139534884 0.367562229340503 0.368606359168578 -0.12951600580438 -0.12936962797617 0.0705632400551496 0.0703241413125611
0.348837209302326 0.490948446593975 0.492214863528152 -0.171270398227562 -0.171048261939649 0.093137339392661 0.0928086092129129
0.465116279069767 0.582892385115617 0.584243786483914 -0.200326456372526 -0.200029159375985 0.108631322549739 0.108230426640483
0.581395348837209 0.648801951841246 0.650136811439345 -0.218412202480085 -0.21804169181859 0.117972624904718 0.117515326865408
0.697674418604651 0.693277568669381 0.694523019383707 -0.227076894176953 -0.226636211591718 0.122003948527041 0.121504424706752
0.813953488372093 0.72022416942834 0.721330134708638 -0.227707076827498 -0.227200122673445 0.121489607970428 0.120960561880072
0.930232558139535 0.732948383665322 0.733882724396883 -0.221541287466946 -0.220972630131262 0.117121466997586 0.116574232502369
1.04651162790698 0.734242750529202 0.73498728938669 -0.20968356678358 -0.209058270489664 0.10952447374083 0.108969114237747
1.16279069767442 0.726458671301846 0.727005942572253 -0.193115842478448 -0.192439317795807 0.0992618260166559 0.0987072291148317
1.27906976744186 0.711569541378776 0.711920153839182 -0.172709272811989 -0.171987153101192 0.0868397910574857 0.0862937566736359
1.3953488372093 0.691225362476431 0.691385855050535 -0.149234643820384 -0.148472678536113 0.0727121976406567 0.0721815208008725
1.51162790697674 0.666799899059242 0.666781033737709 -0.123371889403035 -0.122575851083895 0.0572846199245875 0.0567751703849654
1.62790697674419 0.639431403700867 0.639246800550504 -0.0957187951080847 -0.0948944055305458 0.0409182774702798 0.0404350727612933
1.74418604651163 0.610057733245587 0.609722789767781 -0.0667989632155561 -0.0659518308416411 0.023933662405751 0.0234809378211327
1.86046511627907 0.579446593985784 0.578977642155805 -0.0370690921190605 -0.0362046593732577 0.00661391608902875 0.00619518962091623
1.97674418604651 0.548221554144332 0.547635223245593 -0.0069256221616599 -0.00604912383093552 -0.010792033072681 -0.0111738986513496
2.09302325581395 0.516884423085392 0.51619714597955 0.0232892002206955 0.0241727672749418 -0.0280665508966321 -0.0284092914213869
2.2093023255814 0.485834436327966 0.485062093155603 0.0532817837416465 0.0541676887904484 -0.0450205900750186 -0.0453224851290804
2.32558139534884 0.455384709852229 0.454542370860418 0.0828021552613821 0.0836859493881466 -0.0614911733766232 -0.0617509970535111
2.44186046511628 0.425776311783448 0.424878067979698 0.111639362854661 0.112516893354353 -0.0773390633954858 -0.0775560361122094
2.55813953488372 0.39719030109794 0.396249147891335 0.139617300240816 0.140484716774806 -0.0924465990112692 -0.0926203439209461
2.67441860465116 0.369757969211805 0.368785755698957 0.16659090371953 0.167444664046129 -0.106715693563482 -0.106846195095933
2.7906976744186 0.343569579132283 0.342576987070837 0.192442706585704 0.193279573276413 -0.120065979961858 -0.120153546436917
2.90697674418605 0.318681772304222 0.317678332229418 0.217079701210801 0.21789674157902 -0.132433098440165 -0.13247832524941
3.02325581395349 0.295123856340226 0.29411798029154 0.240430505324548 0.241225083523145 -0.143767110608473 -0.14377084764916
3.13953488372093 0.272903109520364 0.271902144464069 0.262442786641038 0.263212558096016 -0.154031036958172 -0.15399435824385
3.25581395348837 0.252009263030034 0.251019547094348 0.283080941635118 0.283823841466716 -0.163199509385072 -0.163123683107626
3.37209302325581 0.232418248199011 0.231445184856896 0.302323990168442 0.303038224631956 -0.171257524753393 -0.171143988455179
3.48837209302326 0.214095349608576 0.213143478074331 0.320163683636861 0.32084771668002 -0.178199302830255 -0.178049637885222
3.6046511627907 0.196997822743973 0.196070894012562 0.336602793823403 0.337255335940345 -0.184027231672571 -0.183843141499933
3.72093023255814 0.181077074098792 0.180178121687509 0.35165357856096 0.352273572701847 -0.188750902225793 -0.188534190618656
3.83720930232558 0.166280447052678 0.165411865036283 0.3653363994549 0.365923008491502 -0.19238621914793 -0.192138772192223
3.95348837209302 0.152552704840935 0.151716312032797 0.377678486328243 0.378231078113717 -0.194954589449611 -0.194678357390004
4.06976744186047 0.139837223675887 0.139034329285052 0.388712826873468 0.38923096176792 -0.19648217736982 -0.196179159176388
4.18604651162791 0.128076958502384 0.127308424680551 0.398477178626046 0.398960595593262 -0.196999226090368 -0.19667145401806
4.30232558139535 0.117215214305408 0.116481514608969 0.407013187185886 0.407461789941721 -0.196539436156738 -0.196188963169193
4.41860465116279 0.107196254107375 0.106497527066414 0.414365600729197 0.414779445559933 -0.195139402056414 -0.194768289269606
4.53488372093023 0.0979657738663387 0.0973018674277443 0.420581576485461 0.420960858671247 -0.19283809822693 -0.192448404262051
4.65116279069767 0.089471250320523 0.0888417697701862 0.425710065134572 0.426055106697783 -0.189676414405409 -0.18927018488994
4.76744186046512 0.0816622090559311 0.0810665532624165 0.429801268622368 0.43011250705234 -0.185696732752582 -0.185275992276976
4.88372093023256 0.0744904002548806 0.0739278002281612 0.432906165705932 0.433184142066158 -0.180942548625681 -0.180509292316078
5 0.0679099212050298 0.0673794699908547 0.435076095873585 0.435321443704854 -0.175458127570278 -0.175014313807537
5.11627906976744 0.0618772783448246 0.0613779604527107 0.436362397784078 0.436575832264993 -0.16928819640742 -0.168835741486202
5.23255813953488 0.0563514102147921 0.0558821275110842 0.43681609388639 0.43699840374119 -0.162477669734316 -0.162018441265419
5.34883720930233 0.0512936806032095 0.0508532708267599 0.436487626062308 0.436639661011654 -0.155071402224024 -0.154607215202106
5.46511627906977 0.046667833339581 0.0462550930975151 0.435426618876929 0.435549284411506 -0.147113971554493 -0.146646583853331
5.58139534883721 0.0424399424976312 0.0420536388252742 0.433681690856643 0.433775937650951 -0.13864948488007 -0.138180593850733
5.69767441860465 0.0385783265066995 0.0382172175697265 0.431300288380648 0.431367105391901 -0.129721409377861 -0.129252648665617
5.81395348837209 0.0350534743342732 0.0347163158322142 0.428328552743178 0.428368959124355 -0.120372423328552 -0.119905360675104
5.93023255813953 0.0318379419340714 0.0315235009908829 0.424811207217647 0.424826248284953 -0.110644287412777 -0.110180422768831
6.04651162790698 0.0289062603611498 0.0286133200940254 0.420791477169394 0.420782213836614 -0.100577734531402 -0.100118497856902
6.16279069767442 0.0262348253978867 0.0259621957980817 0.416311014120579 0.416278521782022 -0.0902123736005803 -0.0897591247534776
6.27906976744186 0.0238018009585212 0.0235483212967324 0.411409853946769 0.411355214316584 -0.0795866120106523 -0.0791406390169978
6.3953488372093 0.0215870111136718 0.0213515557165528 0.406126379482961 0.406050676540055 -0.068737587692693 -0.0683001074280623
6.51162790697674 0.0195718378526018 0.0193533211429173 0.400497301783835 0.400401616841781 -0.0577011185867202 -0.0572732748796617
6.62790697674419 0.0177391238416447 0.0175365021787373 0.39455764975834 0.394443059253799 -0.0465116562791033 -0.0460945225422941
6.74418604651163 0.0160730772343576 0.015885348720814 0.388340776645447 0.388208346230211 -0.0352022590931692 -0.0347968362487381
6.86046511627907 0.0145591753050249 0.0143853824577235 0.381878367383567 0.381729150461465 -0.0238045650084346 -0.0234117841202738
6.97674418604651 0.0131840778931874 0.0130233074437452 0.375200460470679 0.375035494469509 -0.0123487806748653 -0.0119695025282334
7.09302325581395 0.0119355413337365 0.0117869249806696 0.368335473150055 0.36815577685533 -0.000863672623559199 -0.000498689552206791
7.20930232558139 0.0108023385107933 0.0106650529393037 0.361310232747905 0.361116804184983 0.0106234311457869 0.0109733948406791
7.32558139534884 0.00977418150154355 0.00964744957164286 0.354150012276501 0.353943827604841 0.0220866370421931 0.0224209226120189
7.44186046511628 0.00884165513193033 0.00872474179998793 0.346878572661626 0.346660583372163 0.0335014719936712 0.0338194861254029
7.55813953488372 0.00799614616849412 0.00788835791818629 0.339518205170624 0.339289336573979 0.0448448700196561 0.0451460818867204
7.67441860465116 0.00722977884803477 0.00713046460045821 0.332089776083604 0.331850927386421 0.0560951492820926 0.0563790901134072
7.7906976744186 0.00653536111509802 0.00644390808305455 0.32461277786489 0.324364819298579 0.067231990104241 0.0674982506497073
7.90697674418605 0.00590632676059216 0.00582215936166954 0.317105375230306 0.316849148790364 0.07823640673849 0.07848463570315
8.02325581395349 0.00533668382305362 0.00525926323173421 0.30958445783809 0.309320776013219 0.0890907179498402 0.0893206198384383
8.13953488372093 0.00482096676922424 0.00474979098828002 0.302065690468923 0.301795336076378 0.0997785140450957 0.0999898476285702
8.25581395348837 0.0043541979210765 0.00428879659599954 0.294563566055825 0.29428729059012 0.110284623128601 0.110477199329157
8.37209302325581 0.00393184165097493 0.0038717761376093 0.287091453212181 0.286809979161625 0.120595075513559 0.120768754910369
8.48837209302325 0.00354976831556762 0.00349463034893291 0.279661652366863 0.279375670578887 0.130697065000418 0.130851756751638
8.6046511627907 0.00320422115592245 0.00315363005167988 0.272285442151619 0.271995613454168 0.140578912444618 0.140714571276933
8.72093023255814 0.00289178320911946 0.00284538429919971 0.264973130366097 0.264680086130859 0.150230025143095 0.150346649783158
8.83720930232558 0.00260934687464453 0.0025668110561276 0.257734104504645 0.257438445686839 0.159640857201293 0.159738488690644
8.95348837209302 0.00235408914983754 0.00231511023946397 0.250576878437588 0.250279175893611 0.168802869998909 0.168881589422919
9.06976744186047 0.00212344356905963 0.00208773895595811 0.24350913749935 0.243209934013986 0.17770849235932 0.1777684181027
9.18604651162791 0.00191508053854437 0.00188238877846486 0.236537786988313 0.236237596342126 0.186351078105218 0.186392365232293
9.30232558139535 0.00172688517193171 0.00169696491201823 0.229668994735617 0.229368302408528 0.1947248676812 0.19474770550927
9.41860465116279 0.00155694126917399 0.00152956710856527 0.222908233196503 0.222607497789252 0.202824948628393 0.202829557912204
9.53488372093023 0.00140350713545919 0.00137847219749987 0.216260322409166 0.215959975473548 0.210647214012246 0.21063384617646
9.65116279069767 0.00126500567195888 0.00124211810723417 0.209729469287236 0.209429915757199 0.218188324697666 0.218157259766317
9.76744186046512 0.00114000794701427 0.00111908926096534 0.203319304620735 0.203020924640528 0.225445671209565 0.22539721543711
9.88372093023256 0.00102721546229347 0.00100810323748067 0.19703292150894 0.196736070720232 0.232417335117519 0.232351819469416
10 0.00092545372133235 0.000907998595249697 0.190872910968994 0.190577920573155 0.239102051617719 0.239019830646652
10.1162790697674 0.00083365887627912 0.000817723765147332 0.18484139359972 0.184548572637959 0.24549917467308 0.245400624037594
10.2325581395349 0.000750871634762009 0.000736326923915383 0.17894005497708 0.178649689607384 0.251608640626682 0.251494155636323
10.3488372093023 0.000676217065462489 0.000662946766889465 0.173170174442513 0.172882529349684 0.257430933297326 0.257300927903822
10.4651162790698 0.000608908713736604 0.000596804104587103 0.167532655056717 0.167247974382787 0.262967051704246 0.262821956247896
10.5813953488372 0.000548232842809574 0.000537194213471409 0.162028051071199 0.161746559929002 0.268218476219972 0.268058736471172
10.6976744186047 0.000493544511901151 0.000483479876576222 0.156656597531345 0.156378500581652 0.27318713767263 0.273013213210633
10.8139534883721 0.000444258397267806 0.000435085054710606 0.15141823076927 0.151143715617967 0.277875386769373 0.277687749386399
10.9302325581395 0.000399846883722534 0.000391489133662854 0.146312617157224 0.146041852994982 0.282285964077838 0.282085096672269
11.046511627907 0.000359835122658856 0.000352221697208346 0.141339172273364 0.14107231206713 0.286421971503729 0.286208366995811
11.1627906976744 0.000323790982664772 0.000316857779805018 0.136497084314303 0.136234265065663 0.290286845367045 0.29006100507152
11.2790697674419 0.000291326072873425 0.00028501355664884 0.131785333352878 0.131526677381197 0.293884329749649 0.293646761966709
11.3953488372093 0.00026208791685145 0.000256342432274237 0.127202712437294 0.126948326691403 0.297218449531476 0.296969669696356
11.5116279069767 0.000235760435891346 0.000230531492135866 0.122747842343104 0.122497820976326 0.300293489193324 0.300034016840031
11.6279069767442 0.000212055866590519 0.000207298284613472 0.118419191732577 0.118173615464045 0.303113965529044 0.302844325171244
11.7441860465116 0.000190714981786129 0.000186387903655627 0.114215091265457 0.113974028549314 0.305684608256234 0.305405327287135
11.8604651162791 0.000171504564374512 0.000167570344835507 0.110133748757226 0.109897256727617 0.308010336730974 0.307721945224239
11.9767441860465 0.000154214713096473 0.000150638109946688 0.106173263431193 0.105941388586632 0.310096241562904 0.309799270044142
12.093023255814 0.000138654869134504 0.00013540403743283 0.102331640711191 0.102104417896559 0.311947561648321 0.311642542371221
12.2093023255814 0.000124653452343392 0.00012169933793523 0.0986068003395259 0.0983842558400616 0.313569669759635 0.313257133863177
12.3255813953488 0.000112055681362319 0.000109371816069022 0.0949965918814178 0.0947787424217732 0.314968051430517 0.31464852959386
12.4418604651163 0.000100723141623837 9.82842612141499E-05 0.0914988031899827 0.0912856570964184 0.316148290496658 0.315822311326842
12.5581395348837 9.05276876332241E-05 8.83129916423998E-05 0.0881111714655764 0.0879027286536452 0.317116051573569 0.316784141657299
12.6744186046512 8.13571652948522E-05 7.93465377073476E-05 0.0848313904746179 0.0846276443966188 0.317877066558035 0.31753974899907
12.7906976744186 7.31094149896199E-05 7.12844511099403E-05 0.0816571227196963 0.0814580586503535 0.318437118281451 0.318094913393173
12.906976744186 6.56936126804258E-05 6.40362284280383E-05 0.0785860035147225 0.0783916006346405 0.318802029701807 0.318455453113634
13.0232558139535 5.90245677338952E-05 5.75203381722084E-05 0.0756156494170038 0.075425881735283 0.318977649124673 0.318627212046139
13.1395348837209 5.30280635798928E-05 5.16633416105914E-05 0.0727436672958822 0.0725585022061878 0.318969839058956 0.318616047814848
13.2558139534884 4.76374762271294E-05 4.6399098500312E-05 0.0699676570353442 0.0697870573336845 0.318784465103098 0.318427820632552
13.3720930232558 4.27909357063109E-05 4.16680496787022E-05 0.0672852193382007 0.0671091430932666 0.318427385809127 0.318068382849374
13.4883720930233 3.84340320108306E-05 3.74165692111046E-05 0.0646939605291983 0.0645223613277712 0.317904441769481 0.317543569175234
13.6046511627907 3.45182654925779E-05 3.35963794692465E-05 0.062191497348755 0.0620243244748437 0.317221447272684 0.31685918755146
13.7209302325581 3.10002396121191E-05 3.01640231307258E-05 0.0597754597160354 0.059612659870377 0.31638418259255 0.316021010647099
13.8372093023256 2.78384506216842E-05 2.70803866511799E-05 0.0574434979245833 0.0572850136534728 0.315398383310797 0.315034767955751
13.953488372093 2.49973309221455E-05 2.43102702709843E-05 0.0551932827388217 0.0550390542973492 0.314269736336925 0.31390613846903
14.0697674418605 2.24446350414609E-05 2.1822000082228E-05 0.0530225115689764 0.0528724757895199 0.313003870777742 0.312640743903138
14.1860465116279 2.01504223125529E-05 1.95870781032693E-05 0.0509289081473735 0.0507830004834924 0.311606352758987 0.311244142455393
14.3023255813953 1.80889532523781E-05 1.75798666910981E-05 0.0489102289718656 0.0487683816431854 0.310082678623557 0.309721823068
14.4186046511628 1.62383062251444E-05 1.57773039694209E-05 0.0469642604529179 0.0468264057002422 0.308438271283413 0.308079200176792
14.5348837209302 1.45766251365292E-05 1.41586472659558E-05 0.0450888277944066 0.0449548942434258 0.306678473596365 0.306321608923154
14.6511627906977 1.30843032612554E-05 1.27052418387551E-05 0.0432817893715311 0.0431517057583206 0.30480854568974 0.30445430080785
14.7674418604651 1.17435327730575E-05 1.14003124310599E-05 0.0415410440822772 0.0414147371346329 0.302833659302601 0.302482439765977
14.8837209302326 1.05397333049303E-05 1.02287754296489E-05 0.039864528699319 0.0397419249574854 0.300758895910409 0.300411098642818
15 9.45769128083579E-06 9.17706961505477E-06 0.0382502221036906 0.0381312465982328 0.298589242013437 0.298245256050903
15.1162790697674 8.48603533112897E-06 8.23300368539302E-06 0.0366961427099669 0.0365807211194899 0.296329588029411 0.295989793589144
15.2325581395349 7.61448679392316E-06 7.38561891070154E-06 0.0352003538207291 0.0350884100082616 0.293984723922825 0.293649493405483
15.3488372093023 6.83246981061335E-06 6.62506543330505E-06 0.0337609591932772 0.0336524177502897 0.29155933884978 0.291229036085031
15.4651162790698 6.13116688337147E-06 5.94249087330474E-06 0.0323761072142777 0.0322708922579952 0.289058018249761 0.288732998846266
15.5813953488372 5.50020054035804E-06 5.32994002824716E-06 0.0310439889374554 0.03094202516368 0.28648524261589 0.286165854028422
15.6976744186047 4.93413991745181E-06 4.78026457360674E-06 0.0297628405859548 0.0296640519889774 0.283845385899353 0.283531967853763
15.8139534883721 4.42543441182525E-06 4.28704177707376E-06 0.0285309401182699 0.028435252200889 0.28114271614677 0.280835599448986
15.9302325581395 3.96982239267E-06 3.84450133582269E-06 0.027346611921314 0.0272539491641252 0.278381391965835 0.278080900110597
16.046511627907 3.56019523207364E-06 3.44745953289528E-06 0.026208221570395 0.026118509998877 0.275565463805115 0.275271912799595
16.1627906976744 3.19341144686174E-06 3.09125998743543E-06 0.0251141798059195 0.0250273453525788 0.272698874321745 0.272412571851409
16.2790697674419 2.86496934805492E-06 2.77172034454538E-06 0.0240629385886136 0.0239789090936904 0.269785456408262 0.269506702887526
16.3953488372093 2.56898124210228E-06 2.48508431470965E-06 0.0230529959186602 0.0229716979350089 0.26682893421944 0.26655802291579
16.5116279069767 2.30329110166328E-06 2.22797853070384E-06 0.0220828881827115 0.0220042509935407 0.263832923752153 0.263570140606893
16.6279069767442 2.06557809710956E-06 1.99737374225948E-06 0.0211511965873984 0.0210751492935006 0.260800932942802 0.26054655673505
16.7441860465116 1.85303554539437E-06 1.79054991602698E-06 0.0202565420160094 0.0201830152185655 0.257736361961719 0.257490664771392
16.8604651162791 1.66119913900927E-06 1.60506485105311E-06 0.0193975871033754 0.0193265119190985 0.254642504439809 0.254405751619063
16.9767441860465 1.48944683932408E-06 1.43872595850511E-06 0.0185730335832403 0.0185043426796648 0.251522548607177 0.251294998479521
17.093023255814 1.33637102452753E-06 1.28956488913111E-06 0.0177816237884981 0.017715250251787 0.248379576826672 0.248161481839964
17.2093023255814 1.19773814815157E-06 1.15581472330517E-06 0.0170221377225691 0.0169580161565387 0.245216568140514 0.245008174572303
17.3255813953488 1.07383293481824E-06 1.03588946679389E-06 0.0162933937844857 0.0162314599612413 0.242036399042673 0.241837947134516
17.4418604651163 9.62248935407141E-07 9.28365620895159E-07 0.0155942479766089 0.0155344385342144 0.238841844560321 0.238653568865646
17.5581395348837 8.63039595545565E-07 8.31965618607335E-07 0.0149235922417741 0.014865845281236 0.235635579939086 0.235457709366144
17.6744186046512 7.73628349953632E-07 7.45542939231401E-07 0.0142803547540103 0.0142246093670881 0.232420181331737 0.232252939955641
17.7906976744186 6.93957828740391E-07 6.68068732508768E-07 0.013663498124783 0.0136096949253019 0.229198128410647 0.229041735200631
17.906976744186 6.21626652030996E-07 5.98619800253114E-07 0.0130720199024126 0.0130201002589681 0.22597180531124 0.225826474504932
18.0232558139535 5.56687722343844E-07 5.36367798624474E-07 0.0125049498494788 0.0124548570352463 0.222743502933875 0.22260944375616
18.1395348837209 4.99493416725816E-07 4.80569537881226E-07 0.0119613515806185 0.0119130294759893 0.219515419250729 0.219392837021786
18.2558139534884 4.46860986634949E-07 4.30558268776934E-07 0.0114403193362408 0.0113937135466928 0.216289662725139 0.21617875828872
18.3720930232558 3.99976690927114E-07 3.85735855877184E-07 0.0109409792775172 0.0108960361457872 0.213068252589754 0.212969223240663
18.4883720930233 3.58893286185183E-07 3.4556574807667E-07 0.0104624868365899 0.0104191542961122 0.209853121785773 0.209766161067824
18.6046511627907 3.22936621456498E-07 3.09566665606763E-07 0.0100040271763522 0.00996225434024117 0.206646118205206 0.206571416303857
18.7209302325581 2.88627768665896E-07 2.77306930937093E-07 0.00956481376974597 0.00952455114116875 0.203449006958879 0.203386750685222
18.8372093023256 2.58592396036657E-07 2.4839937827902E-07 0.00914408846965342 0.00910528728972554 0.20026347131275 0.200213845028418
18.953488372093 2.31788780042483E-07 2.22496782974597E-07 0.00874111907475913 0.00870373231994683 0.197091115541609 0.197054301120821
19.0697674418605 2.07332909458476E-07 1.99287757973281E-07 0.00835520031997078 0.00831918193349409 0.193933466924887 0.193909643621129
19.1860465116279 1.84712677762133E-07 1.78493069925557E-07 0.00798565203562235 0.0079509572341085 0.190791976715948 0.190781321965663
19.3023255813953 1.66024907071496E-07 1.59862332216186E-07 0.00763181887391117 0.00759840397296456 0.187668023156023 0.187670712277005
19.4186046511628 1.4882760868417E-07 1.43171036572967E-07 0.00729306885748133 0.00726089180568824 0.18456291235392 0.184579119271692
19.5348837209302 1.33601361891223E-07 1.28217888767481E-07 0.00696879434724592 0.00693781356170874 0.18147788102489 0.181507778163918
19.6511627906977 1.19623844129574E-07 1.14822417415048E-07 0.00665840937954357 0.00662858452652328 0.178414097427903 0.178457856562379
19.7674418604651 1.06675758401465E-07 1.02822828021216E-07 0.00636134941034944 0.00633264173737256 0.175372664739703 0.175430456357622
19.8837209302326 9.48047502258966E-08 9.20740772460877E-08 0.00607707156177347 0.00604944329274778 0.172354621165739 0.172426615597443
20 8.43545069741087E-08 8.24461448975423E-08 0.00580505365599945 0.00577846767608028 0.169360943314493 0.169447310348063
20.1162790697674 7.52382991191201E-08 7.38224834481037E-08 0.00554479243194389 0.0055192130938994 0.166392547008085 0.166493456538982
20.2325581395349 6.65728181325109E-08 6.60986269235157E-08 0.00529580417137683 0.00527119682868477 0.163450289287938 0.163565911789595
20.3488372093023 6.09945355478107E-08 5.91809428571172E-08 0.00505762403579625 0.00503395460658435 0.160534970884938 0.160665477215781
20.4651162790698 5.50215546814275E-08 5.29855126635357E-08 0.0048298040286609 0.00480703998011877 0.157647337482816 0.157792899214867
20.5813953488372 4.87080258336619E-08 4.74371272768517E-08 0.00461191353974742 0.00459002372594684 0.154788081321223 0.154948871227485
20.6976744186047 4.27130510478752E-08 4.24683862390009E-08 0.00440354015498819 0.00438249325772469 0.151957843131222 0.152134035474974
20.8139534883721 3.80255069528996E-08 3.8018889629008E-08 0.00420428563073317 0.00418405205405262 0.149157214326191 0.14934898467114
20.9302325581395 3.38017240750738E-08 3.40345133063036E-08 0.00401376829388853 0.00399431910146877 0.146386737639295 0.146594263707269
21.046511627907 3.00485468930247E-08 3.04667589141985E-08 0.00383162094541343 0.00381292835241724 0.143646909454301 0.143870371309437
21.1627906976744 2.8064285953106E-08 2.72721709636223E-08 0.00365749127552344 0.00363952819808932 0.140938181769359 0.141177761667248
21.2790697674419 2.51735426099966E-08 2.4411814102454E-08 0.00349104041205276 0.00347378095601087 0.138260963306004 0.138516846033256
21.3953488372093 2.29192809680362E-08 2.18508043811496E-08 0.00333194414917508 0.00331536237222594 0.135615620736702 0.135887994292401
21.5116279069767 2.01828413059755E-08 1.95578889589564E-08 0.0031798896017992 0.00316396113790542 0.133002480525196 0.133291536500906
21.6279069767442 1.69579326927577E-08 1.75050692640835E-08 0.00303457757727164 0.00301927842019184 0.130421831147903 0.130727764394154
21.7441860465116 1.48432180053518E-08 1.56672631322713E-08 0.00289571977615093 0.0028810274070745 0.127873923465521 0.128196932863146
21.8604651162791 1.38001056116852E-08 1.40220019071744E-08 0.00276304094216459 0.00274893286607522 0.125358973132794 0.125699261399233
21.9767441860465 1.31388499674703E-08 1.25491588980987E-08 0.0026362756910508 0.00262273071651233 0.122877160861547 0.123234935506859
22.093023255814 1.07216347180019E-08 1.12307059606865E-08 0.00251517085333293 0.00250216761509973 0.120428634958445 0.120804108084161
22.2093023255814 1.04973922078392E-08 1.00504952983854E-08 0.00239948161450732 0.00238700055462865 0.118013511902263 0.118406900771294
22.3255813953488 9.2227316522927E-09 8.9940638808073E-09 0.00228897464075896 0.00227699647547198 0.115631878214433 0.116043405266434
22.4418604651163 7.81796339039481E-09 8.04845814284919E-09 0.00218342598092164 0.0021719318896445 0.113283791391158 0.113713684609463
22.5581395348837 7.01396630402192E-09 7.2020768687953E-09 0.00208262049123412 0.00207159251714718 0.110969281315797 0.111417774433384
22.6744186046512 7.27702048831903E-09 6.44453038135722E-09 0.00198635242109547 0.00197577293431966 0.1086883511677 0.109155684183572
22.7906976744186 6.86402834821789E-09 5.766514349232E-09 0.00189442402013598 0.00188427623392172 0.10644097820998 0.106927398305005
22.906976744186 6.03305298947468E-09 5.15969670052985E-09 0.00180664612279923 0.00179691369666281 0.104227117191271 0.104732877397668
23.0232558139535 6.31808398347632E-09 4.61661628536306E-09 0.00172283689304577 0.00171350447389717 0.102046698544073 0.102572059340344
23.1395348837209 5.10599273897379E-09 4.13059207082129E-09 0.00164282303945611 0.00163387528120155 0.0998996309754938 0.100444860383071
23.2558139534884 4.87070352238118E-09 3.69564177711717E-09 0.00156643759643506 0.00155786010255316 0.0977858020223068 0.0983511762085462
23.3720930232558 5.05610943065181E-09 3.30640897634187E-09 0.0014935211814776 0.00148529990482599 0.0957050805524368 0.0962908829628014
23.4883720930233 4.76991921707918E-09 2.95809777634254E-09 0.00142392111418334 0.00141604236232534 0.093657314989854 0.0942638382555131
23.6046511627907 3.44129070182212E-09 2.64641430290639E-09 0.00135749070702525 0.00134994159108242 0.0916423370118277 0.0922698821303095
23.7209302325581 3.54125661478596E-09 2.36751427477745E-09 0.00129408943869662 0.0012868578926333 0.0896599609581876 0.090308838005483
23.8372093023256 3.09026112860596E-09 2.11795603899515E-09 0.00123358361389249 0.00122665750700956 0.0877099850207622 0.0883805135855209
23.953488372093 1.72650562537183E-09 1.89465849949001E-09 0.00117584483233407 0.00116921237467112 0.0857921920854523 0.0864847017438982
24.0697674418605 1.59245924916251E-09 1.69486343057099E-09 0.00112074984284299 0.00111439990711566 0.0839063513943053 0.0846211813775817
24.1860465116279 2.63663531025274E-09 1.51610171958419E-09 0.00106818070643041 0.00106210276590264 0.0820522180258198 0.0827897182337161
24.3023255813953 2.06325013135553E-09 1.356163130236E-09 0.00101802508649822 0.0010122086498345 0.0802295343632659 0.0809900657089738
24.4186046511628 9.99596918847923E-10 1.21306922041248E-09 0.000970174546660258 0.00096461009004183 0.078438031010879 0.0792219656220608
24.5348837209302 1.4216995494372E-09 1.08504908629365E-09 0.000924526461929645 0.000919204252724029 0.0766774273375435 0.0774851489598802
24.6511627906977 1.95124034629702E-09 9.70517638604058E-10 0.000880982154690223 0.00087589274930178 0.0749474324236747 0.0757793365978657
24.7674418604651 1.8652294651836E-09 8.68056147365569E-10 0.000839446635195057 0.000834581453742609 0.0732477450837347 0.0741042399950001
24.8837209302326 1.04746183500056E-09 7.76394818885391E-10 0.00079982953512453 0.000795180326825819 0.0715780552092846 0.0724595618640437
25 1.43048156894236E-09 6.94397193248201E-10 0.000762044377739967 0.000757603247118316 0.0699380440931138 0.0708449968174979
25.1162790697674 1.34755450969008E-09 6.2104617257725E-10 0.000726008545718826 0.000721767848438006 0.0683273854668757 0.0692602319898372
25.2325581395349 1.07940203857715E-09 5.55431510047615E-10 0.000691643220059172 0.000687595363586733 0.0667457456301955 0.0677049476365373
25.3488372093023 1.16674785427613E-10 4.96738607310407E-10 0.000658872773175832 0.000655010474140066 0.0651927838588766 0.0661788177104389
25.4651162790698 3.74866185379487E-10 4.44238483830309E-10 0.000627624399745641 0.000623941166086524 0.0636681535743049 0.0646815104159752
25.5813953488372 8.05330696976059E-10 3.97278795839919E-10 0.000597829198769999 0.000594318591114206 0.0621715017903726 0.0632126887418015
25.6976744186047 -7.80982930306357E-10 3.55275795342316E-10 0.000569421180575456 0.000566076933348061 0.0607024714860607 0.0617720109723536
25.8139534883721 -1.98069657680154E-09 3.17707131000685E-10 0.000542337321377955 0.000539153281346401 0.0592607001762612 0.0603591311788693
25.9302325581395 -2.12920326215906E-09 2.84105402976956E-10 0.000516517367878732 0.000513487505170445 0.0578458216479647 0.0589736996903957
26.046511627907 -1.52593348515427E-09 2.54052392943114E-10 0.000491903114635899 0.000489022138345979 0.0564574646467558 0.0576153635453084
26.1627906976744 -1.71531136182802E-09 2.27173898698621E-10 0.000468439174111471 0.00046570226454135 0.0550952563209883 0.0562837669238596
26.2790697674419 -6.75104105993114E-10 2.03135110184114E-10 0.000446073240495489 0.000443475408791127 0.0537588193818967 0.0549785515622706
26.3953488372093 6.80326262676684E-10 1.8163647027347E-10 0.000424754903950966 0.00042229143309984 0.0524477751300643 0.0536993571488776
26.5116279069767 -1.37923975565841E-10 1.62409969632616E-10 0.000404435972995969 0.000402102436265127 0.051161741810871 0.0524458217028345
26.6279069767442 -6.71079928805684E-10 1.45215830225418E-10 0.000385070337620922 0.000382862657764604 0.0499003361654554 0.0512175819358705
26.7441860465116 -1.26569258943126E-09 1.29839536788091E-10 0.000366614208155691 0.000364528385555494 0.0486631727751879 0.0500142735975937
26.8604651162791 -4.949972095037E-10 1.16089179841188E-10 0.00034902537120668 0.000347057867640854 0.0474498658750605 0.048835531804825
26.9767441860465 -3.665100701702E-10 1.03793077613385E-10 0.000332263915316953 0.000330411227260849 0.0462600283320377 0.0476809913554403
27.093023255814 7.52463974596777E-10 9.27976476601189E-11 0.00031629223405741 0.000314550381572077 0.0450932723728876 0.0465502870271909
27.2093023255814 8.74551054466938E-10 8.29655020136564E-11 0.000301072826897378 0.0002994389636824 0.0439492098135849 0.0454430538619653
27.3255813953488 -9.6977022251824E-11 7.41737424363964E-11 0.000286571380693856 0.000285042247913104 0.0428274522644432 0.0443589274359467
27.4418604651163 -1.2181419106712E-09 6.63124347992055E-11 0.000272753574668456 0.000271327078164452 0.0417276113758066 0.0432975441161131
27.5581395348837 -2.79315566389293E-09 5.9283243800989E-11 0.000259588741948426 0.000258261799264876 0.0406492996546148 0.0422585413035207
27.6744186046512 -2.51100140575589E-09 5.29982112111399E-11 0.000247045188196118 0.000245816191188094 0.0395921297930666 0.041241557663798
27.7906976744186 -1.69880410148769E-09 4.73786625767719E-11 0.000235095130254179 0.000233961406026403 0.0385557148790013 0.0402462333452767
27.906976744186 1.60707116677067E-10 4.23542289131285E-11 0.000223709776885973 0.000222669907612268 0.0375396693935606 0.0392722101851694
28.0232558139535 6.51133411852874E-10 3.78619713073725E-11 0.000212863311523728 0.000211915413684057 0.0365436086725597 0.0383191319042036
28.1395348837209 8.22423092937706E-10 3.38455976302756E-11 0.000202530153337929 0.000201672840495457 0.0355671494530857 0.0373866442901043
28.2558139534884 1.74110459676128E-10 3.02547616825131E-11 0.000192686564556582 0.000191918249771646 0.0346099095587866 0.0364743953703175
28.3720930232558 -1.75379536617168E-10 2.70444361160877E-11 0.000183309510966661 0.000182628797918754 0.0336715089818724 0.0355820355743503
28.4883720930233 5.22395497152705E-10 2.41743513792159E-11 0.000174377007771361 0.000173782687396503 0.0327515690045326 0.0347092178861022
28.6046511627907 1.2560596681681E-09 2.16084937458563E-11 0.000165867931854474 0.000165359120167184 0.0318497122569455 0.0338555979865462
28.7209302325581 1.64122866830548E-09 1.93146562188632E-11 0.000157762221594316 0.000157338253137296 0.0309655640224574 0.0330208343871159
28.8372093023256 2.02880754740614E-09 1.72640367473722E-11 0.000150040652622755 0.000149701155511213 0.0300987510266092 0.0322045885541421
28.953488372093 1.84921019446418E-09 1.54308787824354E-11 0.000142684995713368 0.000142429767979267 0.0292489028063795 0.0314065250246763
29.0697674418605 4.54061331309969E-10 1.37921497172409E-11 0.000135677966562895 0.00013550686366549 0.0284156498914903 0.030626311514028
29.1860465116279 -8.32099382936131E-10 1.23272532258507E-11 0.000129003106648084 0.000128916010763046 0.0275986260893197 0.0298636190153363
29.3023255813953 -4.66629077348174E-10 1.10177719330062E-11 0.000122643970455776 0.000122641536788114 0.026797466504094 0.0291181218914856
29.4186046511628 -8.0217791039575E-11 9.84723722228755E-12 0.000116585934839696 0.000116668494385589 0.0260118095283432 0.0283894979596707
29.5348837209302 -4.83366356929587E-10 8.80092332536775E-12 0.000110814607925725 0.0001109826286225 0.0252412953161249 0.0276774285689024
29.6511627906977 -2.67433902039388E-10 7.86566313538156E-12 0.000105316399022482 0.000105570345707488 0.0244855669966636 0.0269815986707436
29.7674418604651 4.28564136341021E-10 7.02968345621577E-12 0.000100077823932919 0.000100418683077089 0.0237442698246841 0.0263016968835522
29.8837209302326 1.01505226167648E-09 6.28245764011066E-12 9.50865971545453E-05 9.55152807917966E-05 0.0230170509900751 0.0256374155505026
30 8.04459253493486E-10 5.61457378130411E-12 9.03300853281472E-05 9.08483541871675E-05 0.0223035610478148 0.0249884507916479
30.1162790697674 9.80084676230205E-10 5.01761682618469E-12 8.57973683360216E-05 8.64066677272932E-05 0.0216034524732664 0.0243545025502787
30.2325581395349 1.3245090595932E-09 4.48406313292137E-12 8.14772630795259E-05 8.21795100100808E-05 0.0209163811545528 0.0237352746338261
30.3488372093023 1.2761656587616E-09 4.00718616792335E-12 7.73596291121705E-05 7.81566698757482E-05 0.0202420035847207 0.0231304747495479
30.4651162790698 1.14947937533478E-09 3.58097216465164E-12 7.34337933531708E-05 7.4328413571865E-05 0.0195799805636734 0.0225398145352336
30.5813953488372 1.03650698390176E-09 3.20004469395662E-12 6.9691187561066E-05 7.06854629301297E-05 0.0189299739884457 0.0219630095851507
30.6976744186047 1.26275402480013E-09 2.85959720577221E-12 6.6121930648912E-05 6.72189745118503E-05 0.018291649286112 0.0213997794714537
30.8139534883721 2.51438041985236E-10 2.55533270102361E-12 6.27181236802142E-05 6.39205196808295E-05 0.0176646735714914 0.0208498477612663
30.9302325581395 -1.2254151958323E-09 2.28340978121855E-12 5.94711123748662E-05 6.07820655640032E-05 0.0170487172611364 0.0203129420296418
31.046511627907 -1.29470708785997E-09 2.04039440248791E-12 5.63731409401856E-05 5.77959568617929E-05 0.0164434512786402 0.0197887938686011
31.1627906976744 -8.0864905467484E-10 1.82321673179491E-12 5.34164521902016E-05 5.49548984716645E-05 0.0158485506493247 0.0192771388924396
31.2790697674419 -4.07516498827965E-10 1.62913256652164E-12 5.05935215593653E-05 5.22519388898728E-05 0.0152636916501295 0.0187777167394876
31.3953488372093 -9.87374145821936E-10 1.45568883544922E-12 4.78980142318425E-05 4.96804543578025E-05 0.0146885533915947 0.0182902710705058
31.5116279069767 -2.42233152653493E-10 1.30069274997619E-12 4.53229779302551E-05 4.72341337206866E-05 0.0141228163079954 0.017814549563887
31.6279069767442 -6.3438208989796E-10 1.16218421989729E-12 4.28619037861771E-05 4.49069639678114E-05 0.0135661630160155 0.0173503039078328
31.7441860465116 -1.01650694405759E-09 1.03841118875244E-12 4.05088045770588E-05 4.2693216424587E-05 0.0130182783862329 0.0168972897896656
31.8604651162791 -3.05496328769537E-10 9.27807580159309E-13 3.82581440247845E-05 4.05874335680907E-05 0.0124788486805406 0.016455266882433
31.9767441860465 1.20839059313619E-09 8.28973579109966E-13 3.61043232952491E-05 3.85844164388641E-05 0.011947563267849 0.0160239988289535
32.093023255814 1.96182897331926E-09 7.4065800134909E-13 3.40418810048912E-05 3.6679212622883E-05 0.0114241113756102 0.0156032532234499
32.2093023255814 5.8075154951419E-10 6.61742530016187E-13 3.20656736297966E-05 3.48671047787041E-05 0.0109081854017176 0.0151928015909089
32.3255813953488 -1.82444292926295E-10 5.91227622052559E-13 3.01710389136898E-05 3.31435996858396E-05 0.010399477952476 0.0147924193643016
32.4418604651163 -1.5142515864669E-09 5.28219907733062E-13 2.83528243832166E-05 3.15044177914182E-05 0.00989768473485841 0.0144018858597953
32.5581395348837 -1.51272433157682E-09 4.71920925342529E-13 2.66070461637324E-05 2.9945483233157E-05 0.00940250118935728 0.0140209842500797
32.6744186046512 -9.23924848876956E-10 4.21617049708177E-13 2.49286547945436E-05 2.84629143175946E-05 0.00891362509349308 0.0136495015359289
32.7906976744186 -7.73026461269272E-11 3.76670488230191E-13 2.33141468837708E-05 2.70530144334303E-05 0.00843075438320026 0.0132872285161139
32.906976744186 -1.84486159847597E-10 3.36511231407806E-13 2.17585051405254E-05 2.57122633806688E-05 0.00795358855044898 0.012933959755776
33.0232558139535 -1.23690356338738E-09 3.00629856804114E-13 2.02591874914327E-05 2.44373090970918E-05 0.00748182793186033 0.0125894935533686
33.1395348837209 -1.36564155294556E-09 2.68571096077577E-13 1.88113308628781E-05 2.32249597643664E-05 0.00701517373576625 0.0122536319062682
33.2558139534884 -1.50829649375743E-09 2.39928084265046E-13 1.74119271295025E-05 2.20721762768582E-05 0.00655332736564551 0.0119261804751544
33.3720930232558 -5.55599198284117E-10 2.14337219048734E-13 1.60568951716553E-05 2.09760650569437E-05 0.0060959910263008 0.0116069485472521
33.4883720930233 2.92107701634216E-10 1.91473565384336E-13 1.47433589060851E-05 1.99338712013125E-05 0.00564286732826998 0.0112957489985255
33.6046511627907 1.10871312635336E-09 1.71046747704914E-13 1.34672995631659E-05 1.89429719434188E-05 0.0051936588712778 0.0109923982549123
33.7209302325581 1.23943872467623E-09 1.52797278029937E-13 1.22261912664131E-05 1.8000870417885E-05 0.00474806895353252 0.0106967162526789
33.8372093023256 5.86056111737118E-10 1.36493273777704E-13 1.10164845615983E-05 1.71051897132727E-05 0.00430579985221358 0.0104085263979778
33.953488372093 1.12401156879948E-10 1.21927523969983E-13 9.83516969652663E-06 1.62536672002277E-05 0.00386655433534674 0.0101276555256812
34.0697674418605 -4.06355771825672E-10 1.08914866891515E-13 8.67916362046408E-06 1.54441491225705E-05 0.00343003447108863 0.00985393385756481
34.1860465116279 -4.20212941912822E-10 9.72898461782695E-14 7.54552134428356E-06 1.46745854394465E-05 0.00299594180720554 0.00958719495991133
34.3023255813954 -4.0772218613804E-10 8.69046158060278E-14 6.43178660919527E-06 1.39430249071691E-05 0.00256397724090871 0.00932727570059838
34.4186046511628 -3.56556612376678E-10 7.76270675786317E-14 5.33465608289204E-06 1.32476103898862E-05 0.0021338411231902 0.00907401620573563
34.5348837209302 -5.03440513774381E-10 6.93391575121057E-14 4.2513351093526E-06 1.2586574388679E-05 0.00170523204283839 0.00882725981591078
34.6511627906977 -9.4840802357206E-10 6.19354100118458E-14 3.17897740788555E-06 1.1958234779159E-05 0.00127784776791254 0.0085868530421021
34.7674418604651 -6.55735043590844E-10 5.53215809763698E-14 2.11467441812723E-06 1.13609907480641E-05 0.000851384680669726 0.00835264552131222
34.8837209302326 -2.41894524509333E-10 4.94134629607765E-14 1.0559395672639E-06 1.07933189197788E-05 0.00042553794994111 0.0081244899719753
