1 2.37328596244861 -0.5 16.5481679888769 -0.125 40.742990997053 -0.055
1.2 1.26899933100034 -0.5 11.0437458798168 -0.125 27.7964994023561 -0.055
1.4 0.647021331296463 -0.5 7.78286157768507 -0.125 20.0555321163985 -0.055
1.6 0.271380401433304 -0.5 5.70419661244843 -0.125 15.0737515260368 -0.055
1.8 0.0327323407657057 -0.5 4.30505386925777 -0.125 11.6873498668587 -0.055
2 -0.124741094429187 -0.5 3.32293093648834 -0.125 9.28591328271485 -0.055
2.2 -0.23170638259811 -0.5 2.61017680018109 -0.125 7.52456877720439 -0.055
2.4 -0.306011442901821 -0.5 2.07872837842001 -0.125 6.19669991712935 -0.055
2.6 -0.358536742685685 -0.5 1.67350939433374 -0.125 5.17249931428209 -0.055
2.8 -0.396172057542081 -0.5 1.35869506053546 -0.125 4.36714762758555 -0.055
3 -0.423419976294794 -0.5 1.11020029567462 -0.125 3.72335958468535 -0.055
3.2 -0.443301836019275 -0.5 0.911369517752013 -0.125 3.20133936258427 -0.055
3.4 -0.457890647994319 -0.5 0.750400667868065 -0.125 2.77275953314165 -0.055
3.6 -0.468635670237062 -0.5 0.61875084777057 -0.125 2.41702314451277 -0.055
3.8 -0.476566146438211 -0.5 0.510119046163668 -0.125 2.1188714109915 -0.055
4 -0.482422641890939 -0.5 0.419779538924517 -0.125 1.8668111163231 -0.055
4.2 -0.486743733160794 -0.5 0.344134669538847 -0.125 1.65205610656078 -0.055
4.4 -0.489924456940048 -0.5 0.280408457754718 -0.125 1.46779962603634 -0.055
4.6 -0.492256481505916 -0.5 0.226432713850081 -0.125 1.30870453302268 -0.055
4.8 -0.493956199550484 -0.5 0.180495181827492 -0.125 1.17054000636116 -0.055
5 -0.495184683175733 -0.5 0.141230053608746 -0.125 1.04991860726647 -0.055
5.2 -0.496062055999296 -0.5 0.107537914459712 -0.125 0.944103270370742 -0.055
5.4 -0.496677969268372 -0.5 0.0785264439775513 -0.125 0.850863785227125 -0.055
5.6 -0.497099315270183 -0.5 0.0534659581938643 -0.125 0.768368805183571 -0.055
5.8 -0.497375952465786 -0.5 0.0317556994901409 -0.125 0.695103695931957 -0.055
6 -0.497544980577835 -0.5 0.012898002456822 -0.125 0.6298074059878 -0.055
6.2 -0.497633946038355 -0.5 -0.00352170437892507 -0.125 0.571423497577954 -0.055
6.4 -0.49766325106973 -0.5 -0.0178505267334938 -0.125 0.51906182882941 -0.055
6.6 -0.497647965709586 -0.5 -0.0303804269966753 -0.125 0.471968325490818 -0.055
6.8 -0.497599190096425 -0.5 -0.0413580215197072 -0.125 0.429500952168703 -0.055
7 -0.497525077099377 -0.5 -0.0509924308086867 -0.125 0.391110474854145 -0.055
7.2 -0.497431598227825 -0.5 -0.0594616147149412 -0.125 0.356324955769704 -0.055
7.4 -0.497323115643636 -0.5 -0.0669175186190471 -0.125 0.324737177284291 -0.055
7.6 -0.497202807997812 -0.5 -0.0734902788250841 -0.125 0.29599438063878 -0.055
7.8 -0.497072986366914 -0.5 -0.0792916778715641 -0.125 0.269789846143412 -0.055
8 -0.496935327833749 -0.5 -0.0844179975744352 -0.125 0.24585594745782 -0.055
8.2 -0.496791047577378 -0.5 -0.0889523853482133 -0.125 0.223958392847876 -0.055
8.4 -0.496641025226259 -0.5 -0.0929668248573517 -0.125 0.203891427601251 -0.055
8.6 -0.496485897323446 -0.5 -0.0965237832912967 -0.125 0.185473818899598 -0.055
8.8 -0.496326124778566 -0.5 -0.0996775930663289 -0.125 0.168545480906997 -0.055
9 -0.496162041925499 -0.5 -0.102475614467613 -0.125 0.152964626229685 -0.055
9.2 -0.495993892100787 -0.5 -0.104959216878852 -0.125 0.138605352148668 -0.055
9.4 -0.495821853377711 -0.5 -0.107164609232251 -0.125 0.125355587554647 -0.055
9.6 -0.495646057133564 -0.5 -0.10912354472182 -0.125 0.113115340401219 -0.055
9.8 -0.495466601414606 -0.5 -0.110863920341878 -0.125 0.101795196549585 -0.055
10 -0.495283560535291 -0.5 -0.112410288199003 -0.125 0.0913150297273263 -0.055
10.2 -0.495096991958636 -0.5 -0.113784292616237 -0.125 0.0816028894390007 -0.055
10.4 -0.49490694121825 -0.5 -0.115005044663368 -0.125 0.0725940394134243 -0.055
10.6 -0.494713445432902 -0.5 -0.116089443796737 -0.125 0.064230123835024 -0.055
10.8 -0.49451653581185 -0.5 -0.117052454690516 -0.125 0.0564584424047003 -0.055
11 -0.494316239437412 -0.5 -0.117907346023177 -0.125 0.049231318382562 -0.055
11.2 -0.494112580531486 -0.5 -0.118665896893007 -0.125 0.0425055463155507 -0.055
11.4 -0.493905581353578 -0.5 -0.11933857563336 -0.125 0.0362419082558706 -0.055
11.6 -0.493695262836637 -0.5 -0.119934695048163 -0.125 0.0304047490147808 -0.055
11.8 -0.49348164503619 -0.5 -0.120462547462632 -0.125 0.0249616024401656 -0.055
12 -0.493264747447033 -0.5 -0.120929522462067 -0.125 0.0198828619083188 -0.055
12.2 -0.493044589225831 -0.5 -0.121342209754161 -0.125 0.0151414892250182 -0.055
12.4 -0.49282118934711 -0.5 -0.121706489223337 -0.125 0.0107127569727275 -0.055
12.6 -0.492594566712042 -0.5 -0.122027609936979 -0.125 0.0065740200490146 -0.055
12.8 -0.492364740223961 -0.5 -0.122310259603204 -0.125 0.00270451273763275 -0.055
13 -0.492131728840192 -0.5 -0.122558625760315 -0.125 -0.00091483184081859 -0.055
13.2 -0.491895551607303 -0.5 -0.122776449791978 -0.125 -0.00430154262413091 -0.055
13.4 -0.491656227684639 -0.5 -0.122967074704833 -0.125 -0.00747175421062388 -0.055
13.6 -0.491413776359506 -0.5 -0.12313348747142 -0.125 -0.0104403352187654 -0.055
13.8 -0.491168217056612 -0.5 -0.123278356627619 -0.125 -0.0132210031892511 -0.055
14 -0.490919569343351 -0.5 -0.123404065717073 -0.125 -0.0158264275867204 -0.055
14.2 -0.490667852932195 -0.5 -0.123512743092648 -0.125 -0.0182683222625592 -0.055
14.4 -0.490413087681102 -0.5 -0.123606288514573 -0.125 -0.020557528571296 -0.055
14.6 -0.49015529359248 -0.5 -0.123686396925079 -0.125 -0.0227040901872996 -0.055
14.8 -0.489894490811112 -0.5 -0.123754579727934 -0.125 -0.0247173205418164 -0.055
15 -0.489630699621452 -0.5 -0.123812183857813 -0.125 -0.0266058636907636 -0.055
15.2 -0.489363940444373 -0.5 -0.123860408886658 -0.125 -0.0283777493275961 -0.055
15.4 -0.489094233833614 -0.5 -0.123900322382748 -0.125 -0.0300404425723891 -0.055
15.6 -0.488821600471968 -0.5 -0.123932873710388 -0.125 -0.0316008890948084 -0.055
15.8 -0.488546061167326 -0.5 -0.123958906435162 -0.125 -0.0330655560647199 -0.055
16 -0.488267636848599 -0.5 -0.123979169479403 -0.125 -0.0344404693677436 -0.055
16.2 -0.487986348561577 -0.5 -0.123994327155561 -0.125 -0.0357312474735107 -0.055
16.4 -0.487702217464741 -0.5 -0.124004968190374 -0.125 -0.0369431323007269 -0.055
16.6 -0.487415264825046 -0.5 -0.124011613840017 -0.125 -0.0380810173844932 -0.055
16.8 -0.487125512013695 -0.5 -0.12401472518557 -0.125 -0.0391494736173919 -0.055
17 -0.486832980501933 -0.5 -0.124014709688612 -0.125 -0.0401527728056776 -0.055
17.2 -0.486537691856779 -0.5 -0.124011927078543 -0.125 -0.0410949092552948 -0.055
17.4 -0.486239667736858 -0.5 -0.124006694636045 -0.125 -0.0419796195789199 -0.055
17.6 -0.485938929888181 -0.5 -0.12399929193083 -0.125 -0.0428104008943142 -0.055
17.8 -0.485635500139983 -0.5 -0.123989965066149 -0.125 -0.0435905275658946 -0.055
18 -0.485329400400544 -0.5 -0.123978930477761 -0.125 -0.0443230666250175 -0.055
18.2 -0.485020652653086 -0.5 -0.123966378330523 -0.125 -0.0450108919900531 -0.055
18.4 -0.484709278951646 -0.5 -0.123952475551841 -0.125 -0.0456566975944999 -0.055
18.6 -0.484395301416999 -0.5 -0.123937368537728 -0.125 -0.0462630095201095 -0.055
18.8 -0.48407874223262 -0.5 -0.123921185563885 -0.125 -0.0468321972218532 -0.055
19 -0.483759623640648 -0.5 -0.123904038931377 -0.125 -0.047366483922815 -0.055
19.2 -0.483437967937911 -0.5 -0.123886026873725 -0.125 -0.0478679562491104 -0.055
19.4 -0.483113797471963 -0.5 -0.123867235249857 -0.125 -0.0483385731680506 -0.055
19.6 -0.482787134637161 -0.5 -0.123847739045044 -0.125 -0.0487801742865475 -0.055
19.8 -0.482458001870786 -0.5 -0.12382760369996 -0.125 -0.0491944875612606 -0.055
20 -0.482126421649174 -0.5 -0.123806886286052 -0.125 -0.0495831364671886 -0.055
