-4.9921875 0.0779624365964541
-4.9765625 -0.993232747854538
-4.9609375 -1.47588159721032
-4.9453125 -1.78341596181629
-4.9296875 -2.00502920787366
-4.9140625 -2.17523240227026
-4.8984375 -2.31104884773534
-4.8828125 -2.42213726553309
-4.8671875 -2.51450769556718
-4.8515625 -2.59215395125643
-4.8359375 -2.65786407373783
-4.8203125 -2.71366032157842
-4.8046875 -2.76105497856933
-4.7890625 -2.80120738113662
-4.7734375 -2.83502466258903
-4.7578125 -2.86322879926631
-4.7421875 -2.88640262823087
-4.7265625 -2.90502227319932
-4.7109375 -2.91948051529826
-4.6953125 -2.93010396943804
-4.6796875 -2.93716592313701
-4.6640625 -2.94089607383791
-4.6484375 -2.94148800601579
-4.6328125 -2.93910499202376
-4.6171875 -2.93388452901329
-4.6015625 -2.92594190744038
-4.5859375 -2.91537302558858
-4.5703125 -2.90225660721414
-4.5546875 -2.88665593813
-4.5390625 -2.86862020722296
-4.5234375 -2.84818551463581
-4.5078125 -2.8253755923061
-4.4921875 -2.80020226808675
-4.4765625 -2.77266569307499
-4.4609375 -2.74275434162098
-4.4453125 -2.71044478401623
-4.4296875 -2.67570122239032
-4.4140625 -2.6384747701894
-4.3984375 -2.59870244401148
-4.3828125 -2.55630582260657
-4.3671875 -2.51118931031003
-4.3515625 -2.46323791941487
-4.3359375 -2.41231445566614
-4.3203125 -2.35825594977216
-4.3046875 -2.30086912050176
-4.2890625 -2.23992457385597
-4.2734375 -2.17514932597776
-4.2578125 -2.1062170658531
-4.2421875 -2.03273531650445
-4.2265625 -1.95422825863465
-4.2109375 -1.87011335988885
-4.1953125 -1.7796689489408
-4.1796875 -1.68198819781897
-4.1640625 -1.57591207577627
-4.1484375 -1.45992860506012
-4.1328125 -1.3320158335197
-4.1171875 -1.18938602683016
-4.1015625 -1.02804567879869
-4.0859375 -0.84198505717997
-4.0703125 -0.621545748818804
-4.0546875 -0.349704759563958
-4.0390625 0.00804866840675283
-4.0234375 0.540907591722675
-4.0078125 1.6623035506324
-3.9921875 1.68583662705438
-3.9765625 0.61150664379801
-3.9609375 0.125713137762751
-3.9453125 -0.184975803591733
-3.9296875 -0.409753609252065
-3.9140625 -0.583131409489437
-3.8984375 -0.722132571022035
-3.8828125 -0.83641587971631
-3.8671875 -0.93199144069934
-3.8515625 -1.01285313324257
-3.8359375 -1.08178906497285
-3.8203125 -1.14082156159265
-3.8046875 -1.19146297468243
-3.7890625 -1.23487270912002
-3.7734375 -1.27195796733705
-3.7578125 -1.30344079547603
-3.7421875 -1.32990410109099
-3.7265625 -1.35182407908809
-3.7109375 -1.36959358249069
-3.6953125 -1.38353929882245
-3.6796875 -1.39393458894118
-3.6640625 -1.40100922436492
-3.6484375 -1.40495686438978
-3.6328125 -1.40594085694566
-3.6171875 -1.40409877552681
-3.6015625 -1.39954598770841
-3.5859375 -1.3923784696801
-3.5703125 -1.3826750239019
-3.5546875 -1.37049901569912
-3.5390625 -1.35589971429067
-3.5234375 -1.33891330098243
-3.5078125 -1.31956358971761
-3.4921875 -1.29786249120902
-3.4765625 -1.27381024027986
-3.4609375 -1.24739539588458
-3.4453125 -1.21859461380951
-3.4296875 -1.18737218258218
-3.4140625 -1.15367930296257
-3.3984375 -1.11745307979141
-3.3828125 -1.07861518100349
-3.3671875 -1.03707010107455
-3.3515625 -0.992702943407201
-3.3359375 -0.945376605839324
-3.3203125 -0.894928212169441
-3.3046875 -0.841164575268461
-3.2890625 -0.783856396266059
-3.2734375 -0.722730787475399
-3.2578125 -0.657461535109476
-3.2421875 -0.587656260490134
-3.2265625 -0.512839243707784
-3.2109375 -0.43242805289947
-3.1953125 -0.345701118351549
-3.1796875 -0.251751714842584
-3.1640625 -0.149420915530039
-3.1484375 -0.0371968477377935
-3.1328125 0.086942334418979
-3.1171875 0.225784257791586
-3.1015625 0.38332231987332
-3.0859375 0.565566142965335
-3.0703125 0.782174029014945
-3.0546875 1.05016885968231
-3.0390625 1.40406127899556
-3.0234375 1.93304422846679
-3.0078125 3.05054913188355
-2.9921875 3.07017595333847
-2.9765625 1.99192439642892
-2.9609375 1.50219387743432
-2.9453125 1.18755236176401
-2.9296875 0.958806296928058
-2.9140625 0.781444427675812
-2.8984375 0.638443260809867
-2.8828125 0.520143882460702
-2.8671875 0.420536057949734
-2.8515625 0.335625776880501
-2.8359375 0.262624798902057
-2.8203125 0.199510663962609
-2.8046875 0.144770884480539
-2.7890625 0.0972459178978414
-2.7734375 0.056028422395903
-2.7578125 0.0203962107101152
-2.7421875 -0.0102337675996945
-2.7265625 -0.0363378521193672
-2.7109375 -0.0583090423756626
-2.6953125 -0.0764741742501332
-2.6796875 -0.0911067588443774
-2.6640625 -0.102436719838262
-2.6484375 -0.110657870640497
-2.6328125 -0.115933715277917
-2.6171875 -0.118401985360195
-2.6015625 -0.118178208631375
-2.5859375 -0.115358523539175
-2.5703125 -0.110021896927315
-2.5546875 -0.102231860667789
-2.5390625 -0.0920378527272497
-2.5234375 -0.0794762253993697
-2.5078125 -0.0645709658949766
-2.4921875 -0.0473341605150639
-2.4765625 -0.0277662220332411
-2.4609375 -0.00585588975906631
-2.4453125 0.0184199977177138
-2.4296875 0.0450969665733714
-2.4140625 0.0742236282133982
-2.3984375 0.105862687377659
-2.3828125 0.140092283079379
-2.3671875 0.177007725109579
-2.3515625 0.216723711601199
-2.3359375 0.259377143469684
-2.3203125 0.305130692835358
-2.3046875 0.354177339858199
-2.2890625 0.406746173496705
-2.2734375 0.463109868527121
-2.2578125 0.523594422769708
-2.2421875 0.588591995820947
-2.2265625 0.658578085333632
-2.2109375 0.734134897677147
-2.1953125 0.815983773771637
-2.1796875 0.905031206680395
-2.1640625 1.00243588765688
-2.1484375 1.10970945028927
-2.1328125 1.22887349780593
-2.1171875 1.36271541076183
-2.1015625 1.51522833664089
-2.0859375 1.69242164394684
-2.0703125 1.90395337696459
-2.0546875 2.16684615574806
-2.0390625 2.5156103586944
-2.0234375 3.03943865757697
-2.0078125 4.15176220225174
-1.9921875 4.16618067859954
-1.9765625 3.08269350763601
-1.9609375 2.58769981859714
-1.9453125 2.2677672852924
-1.9296875 2.03370205897885
-1.9140625 1.85099258340001
-1.8984375 1.70261505949768
-1.8828125 1.57891026258161
-1.8671875 1.47386764208469
-1.8515625 1.38349286654337
-1.8359375 1.30499736924729
-1.8203125 1.23635835837587
-1.8046875 1.1760630090492
-1.7890625 1.12295143575786
-1.7734375 1.0761159479517
-1.7578125 1.0348340037238
-1.7421875 0.998522191946554
-1.7265625 0.966703806163443
-1.7109375 0.938985473651579
-1.6953125 0.915039978861609
-1.6796875 0.894593424401945
-1.6640625 0.877415493525638
-1.6484375 0.863311972820336
-1.6328125 0.852118951154828
-1.6171875 0.843698282545255
-1.6015625 0.837934017429452
-1.5859375 0.834729587918271
-1.5703125 0.834005589918439
-1.5546875 0.835698046309847
-1.5390625 0.839757065682871
-1.5234375 0.84614583390367
-1.5078125 0.854839893315422
-1.4921875 0.865826678350163
-1.4765625 0.879105287924422
-1.4609375 0.89468648514695
-1.4453125 0.91259292433825
-1.4296875 0.932859614832988
-1.4140625 0.955534641191527
-1.3984375 0.980680171045239
-1.3828125 1.00837379576717
-1.3671875 1.03871026669933
-1.3515625 1.07180371243046
-1.3359375 1.10779045294075
-1.3203125 1.14683256771844
-1.3046875 1.1891224322784
-1.2890625 1.23488851859415
-1.2734375 1.284402871779
-1.2578125 1.33799084696252
-1.2421875 1.39604394766095
-1.2265625 1.45903700168267
-1.2109375 1.52755153140077
-1.1953125 1.60230817918576
-1.1796875 1.68421272458214
-1.1640625 1.7744231299246
-1.1484375 1.87445028403622
-1.1328125 1.98631502907127
-1.1171875 2.11280396772191
-1.1015625 2.25790945232311
-1.0859375 2.42764003842747
-1.0703125 2.63165293903119
-1.0546875 2.88696992400621
-1.0390625 3.22810050209747
-1.0234375 3.74423645535688
-1.0078125 4.84880802322734
-0.9921875 4.85541395983835
-0.9765625 3.76405273244391
-0.9609375 3.2611224938093
-0.9453125 2.9331899178375
-0.9296875 2.69106013168721
-0.9140625 2.50022053002512
-0.8984375 2.34364623891862
-0.8828125 2.21167693215265
-0.8671875 2.09830093009658
-0.8515625 1.99952274375889
-0.8359375 1.91255261947183
-0.8203125 1.83536654802196
-0.8046875 1.76645045565138
-0.7890625 1.70464317539249
-0.7734375 1.64903570151349
-0.7578125 1.5989041420086
-0.7421875 1.55366369948706
-0.7265625 1.51283624376158
-0.7109375 1.47602693954846
-0.6953125 1.44290706848245
-0.6796875 1.41320118860999
-0.6640625 1.38667739531545
-0.6484375 1.36313984237679
-0.6328125 1.34242293920002
-0.6171875 1.32438681189101
-0.6015625 1.30891373264824
-0.5859375 1.29590530304044
-0.5703125 1.2852802340579
-0.5546875 1.27697260711472
-0.5390625 1.27093053050124
-0.5234375 1.2671151285478
-0.5078125 1.26549981830069
-0.4921875 1.26606984247718
-0.4765625 1.26882203906445
-0.4609375 1.27376483808192
-0.4453125 1.28091848549696
-0.4296875 1.29031550375479
-0.4140625 1.30200140853774
-0.3984375 1.31603571296638
-0.3828125 1.33249326442138
-0.3671875 1.35146597670323
-0.3515625 1.37306504300862
-0.3359375 1.3974237455238
-0.3203125 1.4247010187219
-0.3046875 1.45508598077554
-0.2890625 1.48880372857512
-0.2734375 1.52612280866614
-0.2578125 1.56736494802737
-0.2421875 1.61291788596157
-0.2265625 1.66325254311136
-0.2109375 1.7189463844004
-0.1953125 1.78071583665858
-0.1796875 1.84946229747745
-0.1640625 1.92633917195044
-0.1484375 2.01285260689534
-0.1328125 2.11101850757223
-0.1171875 2.2236183340622
-0.1015625 2.35463907878166
-0.0859375 2.51008370763855
-0.0703125 2.6996036009397
-0.0546875 2.94021443852502
-0.0390625 3.26641936639961
-0.0234375 3.76740351463842
-0.0078125 4.85659016366939
0.0078125 4.8475707649937
0.0234375 3.74033618848567
0.0390625 3.22127656796242
0.0546875 2.87695018225476
0.0703125 2.61815334365766
0.0859375 2.41036418371876
0.1015625 2.2365480862133
0.1171875 2.08703446983056
0.1328125 1.95580085040723
0.1484375 1.83884034501768
0.1640625 1.73335117299333
0.1796875 1.63729661726761
0.1953125 1.54914916299631
0.2109375 1.46773341137482
0.2265625 1.39212527081355
0.2421875 1.32158483970048
0.2578125 1.25551031029774
0.2734375 1.19340545614526
0.2890625 1.13485616531466
0.3046875 1.07951315748149
0.3203125 1.02707902654766
0.3359375 0.977298371103684
0.3515625 0.929950169484782
0.3671875 0.884841813195991
0.3828125 0.841804383692326
0.3984375 0.800688873845653
0.4140625 0.761363135928551
0.4296875 0.723709394564814
0.4453125 0.687622203519943
0.4609375 0.653006754466444
0.4765625 0.619777467309395
0.4921875 0.587856807568302
0.5078125 0.557174288240683
0.5234375 0.527665622608388
0.5390625 0.499272001355581
0.5546875 0.471939472695413
0.5703125 0.445618408345788
0.5859375 0.420263041441657
0.6015625 0.395831065034429
0.6171875 0.372283281866309
0.6328125 0.349583297736817
0.6484375 0.327697252090338
0.6640625 0.306593580515279
0.6796875 0.286242804709294
0.6953125 0.266617346172085
0.7109375 0.247691360468689
0.7265625 0.229440589385981
0.7421875 0.211842228703994
0.7578125 0.194874809635207
0.7734375 0.178518092263306
0.7890625 0.162752969545797
0.8046875 0.147561380642082
0.8203125 0.132926232494727
0.8359375 0.118831328733455
0.8515625 0.105261305091428
0.8671875 0.0922015706267582
0.8828125 0.0796382541299879
0.8984375 0.0675581551746299
0.9140625 0.0559486993327943
0.9296875 0.0447978971348333
0.9453125 0.0340943064008533
0.9609375 0.0238269976144061
0.9765625 0.013985522045972
0.9921875 0.00455988236614091
1.0078125 -0.00445949892591962
1.0234375 -0.0130817867658419
1.0390625 -0.0213157835230996
1.0546875 -0.0291699326095452
1.0703125 -0.0366523429257419
1.0859375 -0.0437708074024912
1.1015625 -0.0505328202447852
1.1171875 -0.0569455929868427
1.1328125 -0.0630160694561739
1.1484375 -0.0687509397354999
1.1640625 -0.0741566532028685
1.1796875 -0.0792394307228588
1.1953125 -0.0840052760551034
1.2109375 -0.0884599865404714
1.2265625 -0.0926091631195898
1.2421875 -0.0964582197339946
1.2578125 -0.100012392155394
1.2734375 -0.103276746284943
1.2890625 -0.106256185960733
1.3046875 -0.10895546030848
1.3203125 -0.111379170667645
1.3359375 -0.113531777122371
1.3515625 -0.115417604664515
1.3671875 -0.117040849013567
1.3828125 -0.118405582116665
1.3984375 -0.119515757349638
1.4140625 -0.120375214438944
1.4296875 -0.120987684122332
1.4453125 -0.121356792565124
1.4609375 -0.121486065547454
1.4765625 -0.121378932436911
1.4921875 -0.121038729959783
1.5078125 -0.120468705783297
1.5234375 -0.119672021920263
1.5390625 -0.118651757966776
1.5546875 -0.117410914182889
1.5703125 -0.115952414425438
1.5859375 -0.11427910894165
1.6015625 -0.112393777031504
1.6171875 -0.110299129586287
1.6328125 -0.107997811510362
1.6484375 -0.105492404032681
1.6640625 -0.102785426914021
1.6796875 -0.0998793405557397
1.6953125 -0.096776548015392
1.7109375 -0.0934793969340783
1.7265625 -0.0899901813803798
1.7421875 -0.0863111436150821
1.7578125 -0.0824444757810276
1.7734375 -0.0783923215217215
1.7890625 -0.0741567775325609
1.8046875 -0.069739895047899
1.8203125 -0.0651436812673672
1.8359375 -0.0603701007242559
1.8515625 -0.0554210765990457
1.8671875 -0.0502984919805249
1.8828125 -0.0450041910772887
1.8984375 -0.0395399803817372
1.9140625 -0.0339076297890666
1.9296875 -0.0281088736732544
1.9453125 -0.0221454119220228
1.9609375 -0.0160189109327936
1.9765625 -0.00973100457134402
1.9921875 -0.00328329509488497
2.0078125 0.00332264151613529
2.0234375 0.0100852725156925
2.0390625 0.017003080779037
2.0546875 0.0240745819092672
2.0703125 0.0312983189827659
2.0859375 0.0386728618085833
2.1015625 0.0461968062137659
2.1171875 0.0538687733534474
2.1328125 0.0616874090447834
2.1484375 0.0696513831236192
2.1640625 0.0777593888229735
2.1796875 0.0860101421724484
2.1953125 0.0944023814177149
2.2109375 0.102934866459158
2.2265625 0.111606378309101
2.2421875 0.12041571856662
2.2578125 0.129361708909452
2.2734375 0.138443190602203
2.2890625 0.14765902402023
2.3046875 0.157008088188658
2.3203125 0.166489280335811
2.3359375 0.176101515460672
2.3515625 0.185843725913647
2.3671875 0.195714860990329
2.3828125 0.205713886537547
2.3984375 0.2158397845715
2.4140625 0.226091552907265
2.4296875 0.236468204799471
2.4453125 0.246968768593584
2.4609375 0.257592287387516
2.4765625 0.268337818703114
2.4921875 0.27920443416723
2.5078125 0.290191219201971
2.5234375 0.301297272723866
2.5390625 0.312521706851595
2.5546875 0.323863646621986
2.5703125 0.33532222971402
2.5859375 0.34689660618052
2.6015625 0.358585938187287
2.6171875 0.370389399759465
2.6328125 0.382306176534832
2.6484375 0.394335465523768
2.6640625 0.406476474875786
2.6796875 0.418728423652306
2.6953125 0.43109054160545
2.7109375 0.443562068962805
2.7265625 0.456142256217756
2.7421875 0.468830363925419
2.7578125 0.481625662503775
2.7734375 0.494527432040064
2.7890625 0.507534962102062
2.8046875 0.520647551554277
2.8203125 0.533864508378716
2.8359375 0.547185149500286
2.8515625 0.560608800616468
2.8671875 0.574134796031369
2.8828125 0.587762478493749
2.8984375 0.601491199039194
2.9140625 0.615320316836043
2.9296875 0.629249199035106
2.9453125 0.643277220623068
2.9609375 0.657403764279373
2.9765625 0.671628220236559
2.9921875 0.685949986143924
3.0078125 0.700368462491738
3.0234375 0.714883070295613
3.0390625 0.729493224182113
3.0546875 0.744198350167415
3.0703125 0.758997881049371
3.0859375 0.773891256289216
3.1015625 0.788877921895988
3.1171875 0.803957330313531
3.1328125 0.819128940310126
3.1484375 0.834392216870573
3.1640625 0.849746631090695
3.1796875 0.865191660074197
3.1953125 0.880726786831844
3.2109375 0.896351500182779
3.2265625 0.912065294658134
3.2421875 0.927867670406624
3.2578125 0.943758133102267
3.2734375 0.959736193854078
3.2890625 0.97580136911768
3.3046875 0.99195318060886
3.3203125 1.00819115521889
3.3359375 1.02451482493174
3.3515625 1.04092372674291
3.3671875 1.05741740258008
3.3828125 1.07399539922534
3.3984375 1.09065726823908
3.4140625 1.10740256588539
3.4296875 1.12423085305909
3.4453125 1.14114169521412
3.4609375 1.15813466229353
3.4765625 1.17520932866078
3.4921875 1.19236527303246
3.5078125 1.20960207841237
3.5234375 1.22691933202691
3.5390625 1.24431662526172
3.5546875 1.26179355359962
3.5703125 1.27934971655977
3.5859375 1.29698471763797
3.6015625 1.31469816424811
3.6171875 1.33248966766491
3.6328125 1.35035884296758
3.6484375 1.3683053089846
3.6640625 1.38632868823969
3.6796875 1.40442860689863
3.6953125 1.42260469471719
3.7109375 1.44085658499005
3.7265625 1.45918391450057
3.7421875 1.47758632347167
3.7578125 1.49606345551746
3.7734375 1.51461495759586
3.7890625 1.53324047996208
3.8046875 1.55193967612294
3.8203125 1.57071220279198
3.8359375 1.58955771984552
3.8515625 1.60847589027934
3.8671875 1.62746638016632
3.8828125 1.64652885861466
3.8984375 1.66566299772701
3.9140625 1.68486847256024
3.9296875 1.7041449610859
3.9453125 1.72349214415146
3.9609375 1.74290970544218
3.9765625 1.76239733144364
3.9921875 1.78195471140495
4.0078125 1.8015815328599
4.0234375 1.82127749940578
4.0390625 1.84104230388094
4.0546875 1.86087564623316
4.0703125 1.88077722899901
4.0859375 1.90074675727072
4.1015625 1.92078393866356
4.1171875 1.94088848328378
4.1328125 1.96106010369708
4.1484375 1.98129851489764
4.1640625 2.00160343427762
4.1796875 2.02197458159717
4.1953125 2.04241167895503
4.2109375 2.0629144507594
4.2265625 2.08348262369955
4.2421875 2.1041159267177
4.2578125 2.12481409098145
4.2734375 2.1455768498566
4.2890625 2.16640393888044
4.3046875 2.18729509573552
4.3203125 2.20825006022369
4.3359375 2.22926857424075
4.3515625 2.25035038175131
4.3671875 2.27149522876421
4.3828125 2.29270286330821
4.3984375 2.31397303540815
4.4140625 2.33530549706137
4.4296875 2.35670000221464
4.4453125 2.37815630674135
4.4609375 2.39967416841905
4.4765625 2.4212533469074
4.4921875 2.44289360372641
4.5078125 2.46459470223501
4.5234375 2.48635640760997
4.5390625 2.50817848682513
4.5546875 2.53006070863096
4.5703125 2.55200284353436
4.5859375 2.57400466377889
4.6015625 2.59606594332514
4.6171875 2.61818645783153
4.6328125 2.64036598463532
4.6484375 2.66260430273388
4.6640625 2.68490119276635
4.6796875 2.70725643699543
4.6953125 2.72966981928951
4.7109375 2.75214112510507
4.7265625 2.77467014146929
4.7421875 2.79725665696297
4.7578125 2.8199004617036
4.7734375 2.84260134732882
4.7890625 2.86535910697995
4.8046875 2.88817353528591
4.8203125 2.91104442834723
4.8359375 2.93397158372042
4.8515625 2.95695480040242
4.8671875 2.9799938788154
4.8828125 3.00308862079167
4.8984375 3.02623882955891
4.9140625 3.04944430972549
4.9296875 3.07270486726602
4.9453125 3.0960203095072
4.9609375 3.11939044511375
4.9765625 3.14281508407455
4.9921875 3.16629403768904
